120
5
100
4000
0.00012, 0.00022, 0.00032
1.0
0, 0.09412789, -0.4, 0.14716235359530738, 0.4957807030798853, 0.2888708979617831, 0.4659984829741247, -0.29850388620590285, -0.16065136221017007, 0.07095124473227543
0, 0.09412789, -0.4, 0.14716235359530738, 0.4957807030798853, 0.2888708979617831, 0.4559984829741247, -0.28850388620590285, -0.17065136221017007, 0.08095124473227543
1e-5, 1e-5, 1e-5, 1e-5, 1e-5, 1e-5, 0.01, 0.01, 0.01, 0.01
0.78539816339, 1, 1, 1, 1, 1, 1, 1, 1, 1,
-0.78539816339, -1, -1, -1, -1, -1, -1, -1, -1, -1
0.1
