4.913081382796215e-05 -0.00010585670642869691 -2.783504118574458e-05 
4.912783499278332e-05 -0.00010586212830999953 -2.7814053778570157e-05 
4.912495669893789e-05 -0.00010586777449297914 -2.7794016933505035e-05 
4.9123029041689244e-05 -0.00010587231599485701 -2.7779727913253165e-05 
4.91313376379257e-05 -0.00010586827023207598 -2.7782221719838218e-05 
4.919374607910696e-05 -0.00010583015083733155 -2.7818317063379915e-05 
4.947020346816815e-05 -0.00010568761917925455 -2.78704479174743e-05 
5.043998444267759e-05 -0.00010529278537635508 -2.7652290613305107e-05 
5.32308288891488e-05 -0.00010451872505473502 -2.5645047086996045e-05 
5.9397346810804034e-05 -0.00010419772769446849 -1.5886764830198316e-05 
6.600427816963034e-05 -0.00011063787560485034 2.0624842710200397e-05 
4.0022737647829026e-05 -0.00014988733161904445 0.00012510869461576762 
-9.19888583042005e-05 -0.00023952572030081878 0.00023407773492883414 
-0.00010481573959145083 -0.00020484362063725095 7.771250785192755e-05 
-1.4734230087577712e-05 -0.00013758478765301242 -2.0156322980570547e-05 
2.9568865038386637e-05 -0.00011332594935506092 -3.4359087864667765e-05 
4.429669341169338e-05 -0.00010711436817317651 -3.1940379786574296e-05 
4.826438273456452e-05 -0.00010596255970944146 -2.926826530349748e-05 
4.9063566327012976e-05 -0.00010591150184274334 -2.80217561040262e-05 
4.907993370110803e-05 -0.00010599354588352495 -2.7667337876213527e-05 
4.8972650777412615e-05 -0.00010597011244280191 -2.7949699417971655e-05 
4.9275682406634095e-05 -0.00010549221644569954 -2.926368468878379e-05 
5.20802035261297e-05 -0.00010332024456802608 -3.26567904575445e-05 
6.533470876730554e-05 -9.574932944964799e-05 -3.819910618638946e-05 
0.00011339133689018992 -7.444645112650537e-05 -3.433571740695695e-05 
0.00023742592083622472 -3.586361715759294e-05 3.9682251390229614e-05 
0.0002843594944130788 -5.307325470327495e-05 0.0001920423413878833 
0.00011593730506335529 -0.00011184414735111546 0.0001164522310556289 
5.135892737538414e-05 -0.0001177920138052048 2.251083769285744e-05 
4.379673138751901e-05 -0.00011208137837938643 -1.362648605047094e-05 
4.597524389950627e-05 -0.00010839030303004 -2.4159351645628564e-05 
4.7855650637994154e-05 -0.00010691777469966967 -2.652971209436224e-05 
4.8554647973397225e-05 -0.00010655118362048976 -2.670225506399521e-05 
4.8164361950651175e-05 -0.0001068173514513652 -2.6360924914416284e-05 
4.575638045114423e-05 -0.00010790084174822755 -2.6472351876682827e-05 
3.8258513840674984e-05 -0.00011031436463139456 -3.065957913724265e-05 
2.0370995471793267e-05 -0.00011279444103862114 -5.376514126347071e-05 
-3.73192560219945e-06 -0.00010186656255252598 -0.00014201678047661285 
3.780630421789926e-05 -3.770938620473497e-05 -0.0003222430043532029 
0.00013699855227884597 -1.1741729195586939e-05 -0.00024316467212937484 
0.00011015756845142198 -6.488312553941385e-05 -7.989940536293972e-05 
7.351525160526047e-05 -9.37024759370391e-05 -3.217215174782575e-05 
5.682826825357492e-05 -0.00010332253207678977 -2.4505070570480168e-05 
5.1113200944857965e-05 -0.00010590634899603056 -2.473603247516015e-05 
4.957926424130127e-05 -0.00010641635385851178 -2.5519683947364907e-05 
4.949721866724998e-05 -0.00010639438944827479 -2.572813313903882e-05 
5.013384407438344e-05 -0.0001062936700413587 -2.490533808497925e-05 
5.112404640951536e-05 -0.00010672876626396649 -2.1226649006004134e-05 
4.949194754678795e-05 -0.00011038486859358226 -9.271526761972613e-06 
2.9109817791876916e-05 -0.00012735807725425377 2.1995935584506205e-05 
-6.706306995148305e-05 -0.00018430804581611997 7.414044103444419e-05 
-0.0002383385090086836 -0.0002551326817854104 4.011740401068385e-05 
-0.00012920334835733087 -0.00017859079939947016 -6.891606135725512e-05 
-1.6176454493535014e-06 -0.00012072282495959352 -6.476412251396159e-05 
3.899384972609802e-05 -0.00010722734420345663 -4.279617113813162e-05 
4.807609109841973e-05 -0.0001057670854794513 -3.1268470850450846e-05 
4.914639353694641e-05 -0.00010624141732210275 -2.7129593151269255e-05 
4.8730637252152085e-05 -0.00010653090832809462 -2.669802296281979e-05 
4.89904943895097e-05 -0.00010577573610354717 -2.9442882089095733e-05 
5.447006215930737e-05 -0.00010135422379770576 -3.7666625821402894e-05 
8.25588707838154e-05 -8.486948882269421e-05 -5.311954129017125e-05 
0.00018339674516280362 -3.823399492514923e-05 -5.4221517340818406e-05 
0.00034176564352810695 1.0946842350348699e-05 4.9252559887282196e-05 
0.00021530076771992477 -6.036899946855219e-05 0.00010732662389006526 
8.496601707383143e-05 -0.00010507244664681074 4.0578068179191713e-05 
5.156431730917317e-05 -0.00011085223601579579 -1.6537689989912633e-06 
4.711576813096919e-05 -0.00010936688912882416 -1.7271577576384263e-05 
4.78967014586658e-05 -0.00010814960439535588 -2.1070871880229794e-05 
4.81645460006449e-05 -0.00010842720010620261 -1.9241886963312e-05 
4.342239370934025e-05 -0.00011221333184569118 -1.178992803605542e-05 
1.8223419845551342e-05 -0.00012671467311953574 2.1922872291616837e-06 
-7.308825932441546e-05 -0.00016864376610096677 3.271822034653887e-06 
-0.0002351846515807102 -0.00022195782821461224 -9.594652574919779e-05 
-0.00013115765835312106 -0.00015991635170219 -0.00016700523261296228 
8.745683545055326e-06 -0.00011100916348529501 -9.485046087210513e-05 
4.532925114895143e-05 -0.00010405811123467208 -4.681995404763203e-05 
4.969567952451623e-05 -0.0001055790818149331 -2.900789539219855e-05 
4.829290902074585e-05 -0.00010687617141858443 -2.558052104559914e-05 
4.869758549331325e-05 -0.00010558552898226314 -3.16422869424723e-05 
6.23798249417892e-05 -9.579840539445552e-05 -5.144209252569576e-05 
0.0001298424105222617 -5.892640607009905e-05 -8.703285032458108e-05 
0.0003057020442062664 1.8205531195712324e-05 -7.420263252109051e-05 
0.00028727674359752404 -1.0666990555417434e-05 4.3980626021356894e-05 
0.00012212117210436935 -8.49548917747178e-05 4.298007923201928e-05 
6.248579118512362e-05 -0.00010613987343243503 9.981901467890137e-06 
5.122753830833964e-05 -0.00010835306252884148 -5.475202352148619e-06 
5.492269638218931e-05 -0.0001066029433963344 -2.7522888106654093e-06 
6.199072300409558e-05 -0.00010725772688586077 2.9541424037850843e-05 
4.197563648262787e-05 -0.000127592018232607 0.00013191240293457457 
-8.400705056532276e-05 -0.00019523021867105353 0.0002690404948805338 
-0.00011791804959025633 -0.0001924945394537055 0.00012773456100549575 
-2.8219139262221745e-05 -0.00014310162827399422 1.205939383112722e-05 
1.461096873480186e-05 -0.0001240629454613815 -2.6884918839345895e-06 
1.2749627113450144e-05 -0.0001242981116632522 9.192589592836734e-06 
-3.6161259923496126e-05 -0.00014040668905514601 1.660351991192822e-05 
-0.00014756726903498364 -0.0001826029790853864 -2.7570432504687113e-05 
-0.0002196761358413212 -0.00026109590192139595 -0.00015002498617557928 
-0.0001505485029571916 -0.00026286889366891993 -5.1586322103948505e-05 
-0.0006197421442794154 -0.000575024973520718 0.00022951015503187153 
-0.00031962229073465124 0.0005467645692532632 0.0005533823137957039 
0.00012840578358489 -0.0006375553745555054 -3.3966464794273334e-05 
-0.00037846169169811607 0.0003957489576279226 -4.221309314903015e-05 
0.0002248336423272447 -0.00025600586450786803 0.00017162144074521832 
-0.0002499425833918852 0.00019237408388363654 -5.378724740725786e-05 
0.0001731582029471713 -0.00025806216217176764 0.00014204906800004572 
-0.00034628493348818116 0.00028652869220893983 -0.00012647880899624593 
0.00042619324782051216 -0.00022013724964249672 0.00031804594669793715 
-0.0005743650521871269 4.6593423328054685e-06 -0.00030908628865725264 
0.0004657942433640061 0.00023310790160066576 0.000371387920853515 
-0.0003711568831288761 -0.0003787777589708793 -0.00019595492165671048 
0.00016252804756342997 0.00037473453897178625 0.00017198519667944895 
-0.0001484685024845061 -0.00030138966550972003 -4.566767465480751e-05 
0.00011309096321256409 0.0002607601419654283 0.00013030728310572194 
-0.00020626030379757387 -0.0003266168297602546 -8.061304576197854e-05 
0.00013334061148582914 0.0004792321973310599 0.00013749678669275453 
-5.2111965901130735e-05 -0.0006187336692353271 2.2910433554579366e-05 
-0.00019599564371823884 0.0006303656883818262 -8.363037821848794e-05 
0.00030866124149734903 -0.00048473379839810294 0.0002570972990671133 
-0.0003987157289775612 0.00027901325507202415 -0.00021397323023957202 
0.0002974584511171334 -0.00013276697893644407 0.0002428899218157393 
-0.0002720751796801938 0.00010568340396348984 -0.0001312742742020719 
0.0002244576535437136 -0.00014940971264087248 0.00019549619813749353 
-0.00035442799589912433 0.0001772009514012491 -0.00018949780661996213 
0.00044404086244629264 -9.226568194666763e-05 0.000333847451907337 
-0.000563487901411726 -0.00010719434455862807 -0.00031541686246581204 
0.0004749023119760844 0.00033944551579199615 0.0003335247315332203 
-0.0003576833458767483 -0.00046782178061482803 -0.0001676361195087299 
0.00015506458492012737 0.0004564833767532319 0.00011834547983522886 
-0.00010650566844216564 -0.0003591558669766051 -1.11984217851848e-05 
7.852764297166457e-05 0.0002938583990877061 7.375581209785411e-05 
-0.00016053734152361024 -0.0003240544850668924 -4.862560402203113e-05 
0.00013022873311068089 0.0004584076891039893 9.496411892663203e-05 
-6.598139253242134e-05 -0.0006039981383066654 2.739714635039138e-05 
-0.00015003851630229884 0.0006560906510548558 -0.00010086422793572277 
0.00029653741087401687 -0.0005457927146681735 0.00025751162460114206 
-0.0004039246776615865 0.00034677064856971203 -0.0002495655507226303 
0.0003390301865754602 -0.00017190643514409444 0.0002608552102345604 
-0.0002868152213798178 0.00011200557510326354 -0.0001619909555880061 
0.00021990607163524615 -0.00014644371683636252 0.00018063162860114764 
-0.00029804194265702983 0.0002086078847699941 -0.00017808942617680216 
0.000401342941515567 -0.0001923808371949694 0.0002990153238552141 
-0.0005543318560720807 5.489750752213289e-05 -0.0003356742141746373 
0.000563818508756988 0.00017257288533265133 0.0003767894809520332 
-0.0004893078944261343 -0.0003618465874343159 -0.000266753942454498 
0.0003050417035610496 0.00042759579273660625 0.00018900976505505782 
-0.00019778558850901113 -0.00036826200877845014 -7.973455636527426e-05 
0.00014434560052039127 0.000280380838396705 9.297799292869874e-05 
-0.00020864139727234365 -0.000251489597263057 -9.710903913420183e-05 
0.00025489390727819703 0.00033785626493092354 0.0001573062639930234 
-0.000270268246894348 -0.0005069659534430381 -0.00011968009416411328 
0.00014672689438405606 0.0006692144586341128 5.937636782591835e-05 
2.3774755550633227e-05 -0.0007063695283664146 8.38365607961412e-05 
-0.00019767234173037303 0.0005958261360192154 -0.00016075870525198552 
0.000247766193006224 -0.00041436407162201454 0.00020421143088075814 
-0.00022271842620618848 0.00028227264628280746 -0.00015553295187788226 
0.00014699276085918488 -0.0002576954243365408 0.0001246883121539097 
-0.00013291463767063627 0.0003331542875989474 -0.0001044679290219143 
0.00019673582380314765 -0.0004314878851888605 0.00016854652519245227 
-0.0003552744340421266 0.00046016683698784944 -0.0002614084914074905 
0.0005101451361121315 -0.00035529261863912284 0.0003627231995453832 
-0.0005825764025744263 0.0001507315456391588 -0.00038605704843748144 
0.0005243994867245038 4.316830778578231e-05 0.00033676945696164376 
-0.00039938637885044245 -0.0001306744824630946 -0.00024717616884347397 
0.00029613587169927445 0.0001055002705675475 0.00018130174704015196 
-0.0002748551536094098 -2.899000344496433e-05 -0.00017787127895317633 
0.0003506086018005878 -1.3103916486778787e-05 0.00022366931477963082 
-0.00046665825337819435 -4.741765173757004e-05 -0.00030307500468525276 
0.0005576503958803734 0.0002160569228895569 0.00033516825296396873 
-0.0005275308282121374 -0.00042260448366265483 -0.0003131227442828286 
0.000401232346374805 0.000548690169294849 0.0002023879887237096 
-0.00022677380055644898 -0.0005382632029698193 -0.000111293986256446 
0.0001317473618535146 0.0004291270986862216 3.52065755457434e-05 
-0.00011040202980274373 -0.000319093790282403 -5.774083192158899e-05 
0.0001884469961194529 0.00028303121808051246 8.136295947023399e-05 
-0.0002518009099367683 -0.0003642492555479628 -0.00014799015243259698 
0.0002902415990522316 0.0005291683782070408 0.0001222237215719395 
-0.00019340088398377283 -0.0006991994422505502 -8.339863761515423e-05 
5.38140032661945e-05 0.0007576965456290908 -5.442933839848529e-05 
0.00012065856038556671 -0.0006744837638613801 0.00011477648099176234 
-0.00016880378916690438 0.0005026655109784221 -0.00017919883581989776 
0.00016594564977091684 -0.00036220525962195636 0.00011322561964397486 
-6.286925183185453e-05 0.0003130276000584391 -9.712330285558959e-05 
2.4284055017382787e-05 -0.00038297076502302974 2.0460026922571e-05 
-6.047122795269463e-07 0.0005182157629353186 -7.892768192242803e-05 
0.00012766560566136506 -0.0006520637764586042 0.0001087111541658628 
-0.00025575645314490696 0.0006767335188299457 -0.00026205700328741337 
0.00042314802553124594 -0.0005729115790646721 0.00028953858360632266 
-0.0004269211318791343 0.00038293849490026604 -0.00034958901123588834 
0.00039876819550284257 -0.00023448010932399237 0.00023947456999093785 
-0.00025571319647882683 0.00017683326874721553 -0.00022349959224810524 
0.00021465310161720047 -0.00023572599272665785 0.00011713186775922548 
-0.00016995289549048354 0.00034771658413419303 -0.00018749088641890573 
0.00029938115195464454 -0.00046627383375317795 0.00018994524318752948 
-0.00040645790101025137 0.0004897089838287623 -0.00035749043528790297 
0.0005869933829006236 -0.0004041519201376201 0.00036676579930180965 
-0.0005791039279361031 0.0002248018116600902 -0.0004482851881584533 
0.0005539319124363339 -7.851220944176864e-05 0.00031126583582599275 
