0.00011999999821699848 0.0002200000020234293 0.0003199999992148027 
0.00011997913989346602 0.0002200229045565091 0.00031999130547197583 
0.00011996008032232313 0.0002200419875915958 0.00031998453249481364 
0.00011994370864323513 0.00022005579328527065 0.00031998035665659985 
0.00011993060238622449 0.0002200631609571798 0.00031997936689364575 
0.00011992103181994501 0.0002200633114629126 0.0003199820053399078 
0.0001199149827982848 0.00022005591581864028 0.0003199885114559152 
0.0001199122055225629 0.00022004112977324454 0.00031999887991228084 
0.00011991228107556496 0.0002200195927698163 0.0003200128362864278 
0.00011991469779712332 0.00021999239085525337 0.0003200298338492111 
0.00011991892891057487 0.000219960986047849 0.00032004907293752856 
0.00011992450300309691 0.00021992711743130708 0.00032006954244046784 
0.00011993105997962085 0.00021989268157043961 0.0003200900809463557 
0.00011993838684160415 0.00021985960153696863 0.00032010945328513605 
0.00011994642991258346 0.00021982969474677625 0.0003201264367218294 
0.00011995528271664214 0.00021980454986477772 0.00032013991005023335 
0.00011996515135871096 0.00021978542222721644 0.00032014893839926674 
0.00011997630169784813 0.00021977315563694085 0.00032015284674429505 
0.0001199889934783493 0.00021976813626178906 0.0003201512762671515 
0.00012000341569487556 0.00021977028028755577 0.00032014421695971486 
0.00012001961526354785 0.00021977906004609806 0.0003201320165096596 
0.00012003744807774597 0.00021979355744665053 0.0003201153618062799 
0.00012005654391506375 0.00021981254711093387 0.00032009523496044043 
0.00012007629639876876 0.0002198345979961025 0.0003200728472016209 
0.00012009587982194632 0.00021985818536836676 0.0003200495555915387 
0.00012011429295123869 0.00021988180367667098 0.0003200267690058204 
0.00012013042716439669 0.00021990407111574948 0.0003200058507064072 
0.00012014315369755244 0.00021992381770376084 0.0003199880250826958 
0.00012015142263482355 0.0002199401504245355 0.00031997429575797263 
0.00012015436477753324 0.00021995249123172837 0.0003199653812743382 
0.0001201513868376838 0.00021996058626959705 0.00031996167307165246 
0.00012014225059185837 0.00021996448729582813 0.00031996321859644936 
0.00012012712770782912 0.00021996450875497707 0.0003199697302802967 
0.00012010662383477513 0.00021996116602480322 0.0003199806189973308 
0.00012008176807217214 0.00021995510185886632 0.0003199950486321203 
0.00012005396688317431 0.00021994700884907904 0.00032001200673184885 
0.00012002492463492924 0.000219937555770247 0.0003200303850210012 
0.00011999653595136851 0.0002199273249551329 0.0003200490629200147 
0.00011997075768087738 0.0002199167664638628 0.0003200669871788927 
0.00011994947027077908 0.00021990617289804044 0.0003200832413046361 
0.00011993433951558356 0.0002198956764588926 0.00032009709956711224 
0.00011992668989006538 0.00021988526748148776 0.00032010806190258553 
0.00011992739995739878 0.0002198748314241934 0.0003201158678525162 
0.00011993682870840673 0.00021986419937253281 0.00032012048960740656 
0.00011995477927368381 0.00021985320571485967 0.0003201221060945204 
0.0001199805034592726 0.0002198417458992457 0.00032012106168470046 
0.00012001274724425736 0.00021982982715867472 0.0003201178143518505 
0.00012004983403042738 0.0002198176057983592 0.0003201128788897523 
0.00012008977933953934 0.00021980540600660448 0.00032010677101286 
0.00012013042808033578 0.0002197937170487105 0.0003200999578296007 
0.00012016960367864194 0.00021978316794907566 0.00032009281932068493 
0.00012020525743627003 0.00021977448114339902 0.00032008562417029136 
0.00012023560653673765 0.00021976840885927165 0.00032007852171499494 
0.00012025925013990514 0.00021976565793658777 0.00032007155004916936 
0.00012027525491058064 0.00021976681023445295 0.0003200646586259314 
0.00012028320393787027 0.00021977224654098256 0.00032005774218355496 
0.00012028320609173591 0.00021978208192105966 0.000320050681655139 
0.00012027586615878343 0.00021979611968814486 0.00032004338699687633 
0.00012026221931306238 0.00021981382972590408 0.00032003583666724783 
0.00012024363633135232 0.00021983435483676915 0.0003200281088255989 
0.00012022170821219687 0.00021985654633762043 0.0003200204001619635 
0.00012019812031599324 0.00021987902747765147 0.00032001302953941195 
0.00012017452669442171 0.00021990028066109417 0.0003200064252043782 
0.00012015243488825605 0.00021991875215688315 0.0003200010960466849 
0.00012013311019443479 0.0002199329661842915 0.0003199975891023972 
0.00012011750636679785 0.00021994163915035826 0.0003199964370219302 
0.0001201062271172125 0.0002199437844941159 0.0003199981004211525 
0.00012009951987030089 0.00021993879910679886 0.0003200029107741476 
0.00012009730026602384 0.00021992652361335288 0.00032001101971275913 
0.00012009920317163951 0.0002199072708149267 0.0003200223602407186 
0.00012010465370391316 0.0002198818191349065 0.0003200366244720479 
0.00012011295017442488 0.00021985137076652284 0.00032005326113845883 
0.00012012335009012105 0.00021981747714088336 0.00032007149439717864 
0.00012013515042611988 0.00021978193706639855 0.0003200903635623345 
0.00012014775431515099 0.00021974667519498816 0.00032010878145181156 
0.00012016071796576478 0.00021971361014435037 0.0003201256072655918 
0.00012017377385896704 0.0002196845225013648 0.0003201397284559215 
0.00012018682885736659 0.00021966093296942846 0.0003201501450532963 
0.0001201999385380253 0.0002196440000976503 0.00032015604947338236 
0.00012021326156904807 0.00021963444541343602 0.0003201568949979953 
0.0001202270000465258 0.00021963251151265983 0.00032015244689317143 
0.00012024133318971725 0.00021963795594066282 0.00032014281143995867 
0.00012025635251409378 0.00021965008075924415 0.000320128439900486 
0.00012027200649353445 0.0002196677947942549 0.00032011010647485066 
0.00012028806179303515 0.00021968970294554483 0.0003200888614484244 
0.00012030408648962147 0.0002197142148387332 0.0003200659627980489 
0.00012031945846022399 0.0002197396636834136 0.00032004279133865756 
0.000120333399515522 0.0002197644255892817 0.0003200207558896712 
0.00012034503314875279 0.0002197870298229612 0.00032000119579991663 
0.00012035346121119576 0.00021980625153121352 0.0003199852884144486 
0.00012035785267220758 0.00021982118020632112 0.0003199739686738765 
0.00012035753608650414 0.00021983125946048283 0.0003199678670402465 
0.00012035208663338835 0.00021983629629531324 0.0003199672704293133 
0.00012034139869890385 0.00021983644076066687 0.0003199721089291343 
0.00012032573594945255 0.00021983213944964537 0.00031998196896424694 
0.00012030575261933629 0.00021982406844698696 0.0003199961314073043 
0.00012028248215467373 0.00021981305294677784 0.0003200136311322509 
0.00012025729221002973 0.0002197999816482751 0.0003200333328169721 
0.00012023180802618877 0.00021978572415784608 0.0003200540165815894 
0.00012020780915237944 0.00021977105897465421 0.00032007446639143746 
0.00012018710704367051 0.00021975661829336764 0.00032009355411171265 
0.00012017141302364573 0.00021974285395781054 0.00032011031266801043 
0.00012016220726588205 0.00021973002663400635 0.00032012399288501326 
0.00012016061969660809 0.00021971821786111428 0.0003201341001366676 
0.00012016733301814335 0.00021970736231669206 0.00032014040879963597 
0.00012018251644599533 0.0002196972956209506 0.0003201429544872256 
0.00012020579637142413 0.0002196878114940781 0.0003201420059733834 
0.00012023626720543641 0.0002196787212133416 0.00032013802042336025 
0.00012027254238232025 0.00021966990817248491 0.00032013158687938057 
0.00012031284218385203 0.0002196613709351618 0.0003201233637924106 
0.00012035511197815274 0.00021965324943732154 0.0003201140166776169 
0.00012039716191661821 0.000219645830804625 0.000320104161686906 
0.00012043681732421106 0.00021963953343628984 0.00032009432007203695 
0.00012047206810847255 0.00021963487034759225 0.0003200848872471277 
0.00012050120558440543 0.00021963239503551413 0.00032007611857276817 
0.00012052293615797004 0.00021963263510846602 0.00032006813223415186 
0.00012053646324012504 0.00021963602040616574 0.0003200609278407815 
0.00012054153140720777 0.00021964281317781318 0.00032005441780298953 
0.0001205384299513981 0.00021965304799432243 0.0003200484672904129 
0.00012052795630434591 0.0002196664884209963 0.00032004293776728216 
0.00012051134307837539 0.00021968260611997722 0.00032003772880438735 
0.0001204901553717147 0.00021970058610370184 0.0003200328131132213 
0.00012046616727952212 0.00021971935949510838 0.00032002826050809413 
0.00012044122804900673 0.00021973766258307935 0.00032002424770134503 
0.00012041712889495559 0.0002197541184292878 0.00032002105235737373 
0.0001203954811141828 0.00021976733502257942 0.00032001903152475037 
0.00012037761485185776 0.00021977601220425264 0.0003200185862659884 
0.00012036450580760212 0.0002197790484751355 0.0003200201158449471 
0.00012035673452121463 0.00021977563845865033 0.0003200239660594057 
0.00012035447989282178 0.00021976535227767466 0.0003200303770972107 
0.00012035754554388458 0.00021974818937952692 0.0003200394365654249 
0.00012036541478870319 0.00021972460131078472 0.00032005104305884665 
0.00012037732761391344 0.00021969548043878964 0.0003200648848143158 
0.00012039237136203887 0.00021966211442470484 0.0003200804367103134 
0.00012040957592716917 0.0002196261091306072 0.00032009697723037693 
0.00012042800426211707 0.0002195892853377018 0.0003201136251628863 
0.00012044682985025765 0.00021955355692568357 0.0003201293939284028 
0.00012046539441577754 0.00021952079981203698 0.00032014325968435594 
0.0001204832413666873 0.00021949272182559428 0.00032015423792025984 
0.00012050012306489164 0.00021947074370959593 0.00032016146226375826 
0.00012051598274293773 0.00021945590060950022 0.00032016425876856566 
0.00012053091447428815 0.00021944877176916018 0.0003201622091014204 
0.00012054510680490625 0.00021944944387454373 0.0003201551967845511 
0.0001205587772591059 0.00021945751074394935 0.0003201434319267085 
0.00012057210579032614 0.00021947210910345136 0.00032012745158451904 
0.00012058517527838493 0.00021949198726221736 0.00032010809489142696 
0.00012059792637856394 0.00021951560086544064 0.00032008645420091426 
0.00012061013248417727 0.000219541227778816 0.000320063805529789 
0.00012062139842375968 0.00021956709272706 0.00032004152337583315 
0.00012063118398546501 0.00021959149168737405 0.00032002098636299314 
0.00012063885069117034 0.00021961290627260064 0.0003200034810124843 
0.00012064372769227602 0.00021963009939765543 0.0003199901111722017 
0.00012064519047968989 0.00021964218530389217 0.00031998172023543954 
0.00012064274413310346 0.00021964866965488183 0.00031997883227100277 
0.00012063610427650478 0.00021964945551852086 0.00031998161716177264 
0.00012062526314552171 0.00021964482301025732 0.0003199898800025258 
0.00012061053686706141 0.0002196353752680015 0.0003200030801888857 
0.00012059258562759884 0.00021962196587488485 0.00032002037372353174 
0.00012057240334853801 0.00021960561096480568 0.0003200406775046724 
0.00012055127568271158 0.00021958739521024746 0.0003200627497760971 
0.0001205307081256632 0.00021956838029897315 0.00032008528015588824 
0.0001205123289022627 0.00021954952390369423 0.0003201069819932748 
0.00012049777381047129 0.00021953161582987895 0.0003201266797574582 
0.00012048856214021521 0.0002195152361271707 0.0003201433847352027 
0.00012048597394699201 0.00021950073765766688 0.00032015635344866865 
0.00012049093922608342 0.0002194882531507962 0.0003201651247942075 
0.00012050394886330169 0.00021947772437522607 0.0003201695338013986 
0.00012052499567557403 0.00021946894894919 0.00032016970194741873 
0.00012055355152420495 0.00021946163868864562 0.00032016600595327063 
0.00012058858358070259 0.00021945548240650072 0.00032015902875940115 
0.00012062860959863333 0.00021945020581322396 0.0003201494977755823 
0.00012067178877502236 0.00021944562164729863 0.0003201382164049882 
0.00012071604175834633 0.00021944166433055277 0.0003201259951839788 
0.00012075919084408386 0.00021943840518014242 0.0003201135886370671 
0.00012079910961736088 0.00021943604634316226 0.0003201016431547908 
0.00012083387041530673 0.00021943489394098936 0.00032009065994519233 
0.0001208618780722842 0.00021943531319125437 0.0003200809755114522 
0.00012088197947434448 0.0002194376702889362 0.0003200727603265405 
0.00012089354039721585 0.00021944226737702214 0.0003200660345789125 
0.00012089648376694545 0.00021944927786362453 0.0003200606982228942 
0.00012089128663450258 0.00021945868954995846 0.0003200565712362115 
0.00012087893652255683 0.00021947026249264054 0.00032005343908789733 
0.00012086085109361673 0.00021948350727659947 0.00032005109803363786 
0.00012083876802060654 0.00021949768753122315 0.00032004939501364916 
0.00012081461426334955 0.00021951184824978387 0.0003200482576102416 
0.0001207903654720803 0.00021952486898128859 0.0003200477106576754 
0.00012076790682837868 0.00021953553848747288 0.0003200478775723753 
0.00012074890625447885 0.00021954264523153696 0.00032004896614111033 
0.00012073470961874324 0.00021954507630351502 0.00032005124020436233 
0.00012072626546494981 0.00021954191626490752 0.00032005498023404347 
0.00012072408409157582 0.0002195325370293505 0.00032006043707499766 
0.00012072823275195137 0.00021951667033634118 0.00032006778397090875 
0.00012073836561272595 0.00021949445559690358 0.0003200770723402623 
0.0001207537841760345 0.00021946645779732078 0.00032008819656699744 
0.00012077352139786739 0.00021943365257994491 0.00032010087233603953 
0.0001207964409345602 0.0002193973783690698 0.0003201146318390458 
0.00012082134196939609 0.00021935925823267255 0.0003201288376104813 
0.00012084705998634824 0.0002193210968206004 0.0003201427149698058 
0.00012087255465497893 0.00021928475995407697 0.0003201554012130648 
0.00012089697758112058 0.00021925204606262227 0.0003201660079854463 
0.00012091971489724072 0.00021922455951944013 0.00032017369184253306 
0.00012094040229608915 0.00021920359593358626 0.0003201777270102559 
0.00012095891289653819 0.0002191900486082799 0.000320177573884002 
0.00012097532100520171 0.00021918434373644069 0.0003201729369206103 
0.00012098984714896512 0.00021918640961493289 0.00032016380627380867 
0.00012100279148551484 0.0002191956824124406 0.00032015047875262847 
0.0001210144636923764 0.00021921114805881304 0.0003201335553411968 
0.00012102511760153024 0.00021923141689146467 0.00032011391446592216 
0.00012103489817811408 0.00021925482504959638 0.0003200926622617831 
0.00012104380700867298 0.00021927955447663172 0.00032007106309146777 
0.00012105169041119047 0.0002193037619572454 0.00032005045533010733 
0.00012105825180867618 0.00021932570699724688 0.0003200321587857544 
0.00012106308736346864 0.0002193438686003133 0.0003200173809566588 
0.00012106574131059861 0.00021935704207688933 0.00032000712955250336 
0.00012106577520781765 0.00021936440883562556 0.00032000213830167095 
0.00012106284365849697 0.00021936557449115198 0.00032000281206098476 
0.00012105676812941407 0.00021936057335937738 0.00032000919572074647 
0.00012104760037918718 0.00021934984025942828 0.00032002096948586145 
0.00012103566775566812 0.00021933415324873346 0.00032003747097672134 
0.00012102159415341738 0.00021931455324893543 0.00032005774241573696 
0.00012100629261020569 0.00021929224827614322 0.0003200805991337545 
0.00012099092816593978 0.00021926851102375372 0.0003201047139206564 
0.00012097685246438206 0.00021924457878112636 0.00032012871050187314 
0.00012096551438035587 0.00021922156410102134 0.0003201512587525547 
0.00012095835343715409 0.00021920038332023963 0.0003201711642181054 
0.000120956684701348 0.00021918170812502228 0.00032018744509248494 
0.00012096158501443038 0.0002191659430222468 0.00032019939095867344 
0.00012097379071871797 0.00021915322905212677 0.0003202065992126444 
0.00012099361641402079 0.00021914347159582905 0.00032020898702793204 
0.00012102090277977351 0.0002191363879225751 0.0003202067787994522 
0.00012105499923480157 0.0002191315683881357 0.000320200471048869 
0.00012109478437346619 0.0002191285440953468 0.00032019077860097296 
0.00012113872395724557 0.00021912685345230879 0.00032017856729401597 
0.00012118496303142676 0.0002191261004402327 0.0003201647794446415 
0.00012123144576161248 0.0002191259984845059 0.00032015035867412187 
0.00012127605411045786 0.00021912639549690269 0.00032013618049314625 
0.00012131675472511616 0.0002191272777554775 0.0003201229942682244 
0.00012135174254182905 0.00021912875260363343 0.00032011138093481726 
0.00012137956971980674 0.00021913101225323997 0.00032010172920538064 
0.00012139924959056068 0.00021913428304200943 0.0003200942311992924 
0.00012141032726454186 0.0002191387661196498 0.00032008889656885166 
0.0001214129112090166 0.00021914457655873473 0.00032008558248386454 
0.00012140766327161315 0.0002191516882021898 0.0003200840354236702 
0.00012139574800051184 0.00021915989113236258 0.0003200839397383623 
0.0001213787454142931 0.00021916876751259024 0.00032008496746617574 
0.00012135853431745101 0.00021917768981333507 0.0003200868239691219 
0.00012133715558935833 0.00021918584325296517 0.0003200892845590958 
0.00012131666639681658 0.0002191922718634453 0.00032009221836594166 
0.00012129899686731958 0.0002191959451636553 0.00032009559713837244 
0.00012128582036818261 0.00021919584022100932 0.00032009948832422704 
0.00012127844720888714 0.00021919103212059997 0.0003201040334856798 
0.0001212777494452069 0.00021918078471604575 0.000320109414699282 
0.00012128412170979235 0.00021916463312865204 0.0003201158129138012 
0.00012129747987261598 0.00021914244984422296 0.0003201233631601097 
0.00012131729612480749 0.00021911448741117746 0.00032013211193450354 
0.00012134266606342417 0.0002190813925778732 0.0003201419819650683 
0.00012137240079574151 0.0002190441890666077 0.0003201527489264467 
0.00012140513519781856 0.00021900422886118623 0.0003201640335491411 
0.00012143944240879763 0.0002189631146470784 0.000320175311079139 
0.00012147394449780716 0.00021892259863994442 0.0003201859383215076 
0.00012150740999953092 0.00021888446523388614 0.000320195196711721 
0.00012153883059088507 0.0002188504064930061 0.00032020234817126673 
0.00012156747141404607 0.00021882190034749934 0.0003202066990843239 
0.00012159289222252917 0.00021880010135467916 0.000320207666719827 
0.00012161493938142899 0.0002187857530355482 0.00032020484192225277 
0.0001216337115211336 0.00021877912916358803 0.00032019804196265194 
0.00012164950406807973 0.0002187800090996285 0.00032018734808404405 
0.00012166273973410306 0.00021878768952842935 0.0003201731234444258 
0.00012167389317050599 0.00021880103199323046 0.0003201560087592163 
0.00012168341828813654 0.000218818542699698 0.00032013689483480716 
0.00012169168619352966 0.00021883847842256012 0.00032011687319970857 
0.00012169894035692408 0.0002188589702256068 0.00032009716799927284 
0.00012170527364802483 0.00021887815528092604 0.00032007905404693833 
0.00012171062944830244 0.00021889430646875946 0.00032006376726069746 
0.00012171482641410369 0.0002189059497041324 0.0003200524145331728 
0.00012171760388242052 0.00021891196004407735 0.00032004589030678584 
0.0001217186826348775 0.00021891162947899157 0.0003200448067247614 
0.0001217178339897256 0.00021890470173827653 0.0003200494432316093 
0.00012171494915091698 0.00021889137222881217 0.0003200597199840466 
0.0001217101005142635 0.00021887225412964338 0.00032007519753245086 
0.00012170358724321965 0.00021884831443404348 0.0003200951031058725 
0.00012169595883005487 0.0002188207861214165 0.0003201183816632138 
0.00012168801242500391 0.00021879106445281505 0.00032014376784717674 
0.00012168076225540677 0.00021876059646537836 0.00032016987327067157 
0.0001216753822303671 0.00021873077300945502 0.0003201952823257098 
0.00012167312557095553 0.00021870283211819413 0.0003202186490383182 
0.00012167522775818424 0.00021867778118716305 0.00032023878745634533 
0.00012168280101147027 0.00021865634350323696 0.0003202547486508348 
0.00012169672970677818 0.00021863893228395224 0.00032026587858174536 
0.00012171757648871877 0.00021862565279503058 0.000320271852720305 
0.00012174550827472074 0.00021861633054563766 0.0003202726852877612 
0.00012178024992508935 0.00021861056125290819 0.00032026871309058936 
0.00012182107117388471 0.00021860777642799254 0.00032026055601972825 
0.00012186680966660847 0.00021860731722669872 0.0003202490581552954 
0.00012191592987094182 0.00021860850873092682 0.00032023521491805437 
0.00012196661448854574 0.00021861072711388489 0.0003202200927090489 
0.00012201688208057566 0.00021861345315291815 0.0003202047478994607 
0.00012206472219144917 0.00021861630718096893 0.0003201901518467066 
0.00012210823753811047 0.00021861906264623195 0.0003201771278473562 
0.00012214578198797838 0.00021862163777332198 0.0003201663046719423 
0.0001221760831634566 0.00021862406715999097 0.0003201580896838395 
0.0001221983395856003 0.00021862645727246903 0.00032015266268033046 
0.0001222122842200916 0.00021862893151257178 0.0003201499896817733 
0.00012221820895271752 0.00021863157165445544 0.0003201498541104656 
0.00012221694767232706 0.00021863436287714014 0.00032015190130614535 
0.0001222098190075361 0.0002186371493091049 0.00032015569125136775 
0.00012219853305711246 0.0002186396059783455 0.0003201607538217585 
0.00012218506939002776 0.0002186412314236656 0.0003201666408734945 
0.0001221715359151401 0.0002186413631248909 0.0003201729700258549 
0.00012216001973304783 0.0002186392155524179 0.00032017945602846545 
0.00012215244165530864 0.00021863393824686438 0.00032018592701535506 
0.00012215042566356666 0.0002186246891501154 0.00032019232459984344 
0.00012215519322415872 0.00021861071663477954 0.00032019868849323687 
0.00012216749019636897 0.00021859144249864503 0.0003202051279671849 
0.00012218755126991565 0.00021856653772828224 0.00032021178386523963 
0.00012221510368839452 0.00021853598314933953 0.00032021878586919355 
0.00012224940874051566 0.00021850010815659184 0.00032022621024259656 
0.00012228933641619672 0.00021845960246836134 0.00032023404325695506 
0.0001223334659965864 0.000218415498128337 0.00032024215495573107 
0.00012238020339906574 0.00021836912158177709 0.0003202502868788904 
0.00012242790499046737 0.00021832201834958207 0.0003202580559548783 
0.00012247499739751958 0.00021827585536734746 0.0003202649751025074 
0.00012252008358195908 0.00021823230821235755 0.000320270489332927 
0.000122562027025982 0.00021819294200823598 0.00032027402447083156 
0.00012260000813290993 0.00021815909562224352 0.00032027504418842247 
0.0001226335496706068 0.00021813177876838798 0.0003202731100072603 
0.00012266251101461078 0.00021811159078849394 0.0003202679383778906 
0.00012268705381108497 0.00021809866826422056 0.00032025944895815444 
0.00012270758421506866 0.0002180926663500017 0.0003202477987862387 
0.00012272467883751444 0.0002180927760000412 0.0003202333981424271 
0.00012273900278143732 0.00021809777632524614 0.0003202169054211121 
0.00012275122855956696 0.00021810611841238485 0.0003201992001586573 
0.00012276196423845353 0.00021811603432020385 0.00032018133532010654 
0.00012277169790304442 0.00021812566286426164 0.000320164471861909 
0.00012278076361369337 0.00021813318239768392 0.0003201498002821599 
0.0001227893316277803 0.00021813694021214757 0.00032013845518684327 
0.0001227974230186044 0.00021813556847256372 0.0003201314297144625 
0.0001228049462042057 0.00021812807773531915 0.00032012949689010285 
0.0001228117505541582 0.00021811392098290165 0.0003201331445938842 
0.00012281769040221765 0.0002180930235728643 0.0003201425298524211 
0.000122822691636682 0.00021806577733035818 0.0003201574566734027 
0.00012282681268304687 0.0002180329999641757 0.0003201773797673476 
0.00012283029217255027 0.0002179958638006523 0.0003202014343963978 
0.00012283357686309368 0.00021795580026544238 0.00032022849043959273 
0.0001228373253269902 0.00021791438839324987 0.0003202572267534444 
0.00012284238535868906 0.00021787323675660788 0.00032028622021153036 
0.00012284974575259153 0.00021783386848979434 0.0003203140425753389 
0.00012286046579701085 0.0002177976185307843 0.00032033935768866455 
0.00012287558826373828 0.00021776555087469888 0.00032036101145777875 
0.00012289604360420897 0.00021773840165756076 0.00032037810768187905 
0.00012292255429811826 0.0002177165514559971 0.00032039006398088134 
0.00012295554870750538 0.00021770002752291833 0.000320396643726664 
0.0001229950933134495 0.00021768853402487432 0.0003203979618750516 
0.00012304085088075386 0.00021768150594343226 0.0003203944647452457 
0.0001230920700150758 0.0002176781803641284 0.00032038688591502014 
0.00012314760892523474 0.0002176776775701313 0.0003203761823106967 
0.00012320599321428817 0.00021767908379213033 0.00032036345610752804 
0.00012326550446407485 0.00021768152767885984 0.0003203498690896159 
0.00012332429352707546 0.0002176842435092705 0.00032033655656602857 
0.00012338051005920223 0.00021768661576472285 0.0003203245477699566 
0.00012343243814066622 0.0002176882017551085 0.00032031469890553277 
0.00012347862700227941 0.0002176887313407606 0.00032030764372907794 
0.00012351800598953537 0.00021768808518405928 0.00032030376487966793 
0.0001235499739600202 0.00021768625516817332 0.00032030318726465243 
0.00012357445524039786 0.000217683292424507 0.00032030579283319683 
0.00012359191690810613 0.00021767924964223681 0.00032031125421449737 
0.00012360334528634215 0.00021767412487561043 0.00032031908312236073 
0.0001236101828810681 0.00021766781386767361 0.00032032868827141804 
0.00012361422997959705 0.00021766007770596872 0.0003203394359854306 
0.00012361751995165564 0.00021765052625398248 0.0003203507130648539 
0.00012362217376272005 0.0002176386297887718 0.0003203619726852223 
0.00012363025089175147 0.00021762374631323217 0.0003203727769793467 
0.0001236436034227596 0.0002176051716618307 0.0003203828197973815 
0.0001236637468642622 0.00021758220447178682 0.00032039193347014873 
0.00012369175718895733 0.00021755422046451905 0.00032040007903959023 
0.0001237282017991801 0.000217520748672306 0.0003204073219664996 
0.00012377310927983687 0.00021748154171657164 0.00032041379678370555 
0.00012382597957537808 0.00021743663247891993 0.00032041966525047527 
0.00012388583290274833 0.00021738637049540296 0.0003204250731781257 
0.00012395129257668168 0.00021733143306849344 0.00032043011118080146 
0.00012402069424695639 0.000217272808285195 0.0003204347841526035 
0.00012409221205627628 0.0002172117496575218 0.0003204389933284228 
0.00012416399108631796 0.00021714970473322672 0.00032044253344318344 
0.00012423427525548489 0.00021708822251733406 0.0003204451058935183 
0.00012430152056756489 0.0002170288466656164 0.0003204463470846661 
0.00012436448520454984 0.00021697300295701183 0.0003204458694814188 
0.0001244222902532825 0.00021692189037184016 0.0003204433114390752 
0.0001244744476349741 0.0002168763851074035 0.0003204383908127083 
0.00012452085481219966 0.00021683696603853352 0.00032043095674012784 
0.00012456175880273275 0.00021680366853701278 0.00032042103393202455 
0.00012459769466750047 0.00021677607133018816 0.0003204088542973099 
0.00012462940572672816 0.00021675331839639026 0.0003203948717441693 
0.00012465775411272384 0.0002167341749907565 0.00032037975744324027 
0.0001246836307801759 0.00021671711402537904 0.00032036437458838257 
0.00012470787373324946 0.0002167004264422879 0.0003203497335854387 
0.00012473120204436967 0.0002166823471456115 0.00032033693046569516 
0.00012475417135803608 0.00021666118668412057 0.0003203270729848576 
0.00012477715418570502 0.00021663545832117402 0.0003203212001723922 
0.00012480034564029993 0.00021660399044753033 0.0003203202019136896 
0.00012482379259048284 0.00021656601545836778 0.00032032474539476466 
0.00012484744179424163 0.00021652122813051107 0.00032033521488293446 
0.00012487120063095264 0.00021646980903347805 0.0003203516703785425 
0.0001248950027770386 0.00021641241137312702 0.0003203738292261682 
0.00012491887068385836 0.00021635011265126058 0.0003204010729394389 
0.0001249429670633226 0.00021628433537057568 0.0003204324794283326 
0.00012496762873244696 0.00021621674347823146 0.0003204668786999811 
0.00012499337800183952 0.000216149123112512 0.00032050292811889626 
0.00012502090913778764 0.0002160832573400189 0.00032053920163472097 
0.00012505105005589296 0.00021602080485574995 0.00032057428616404706 
0.00012508470206124656 0.00021596319205121343 0.0003206068776568615 
0.00012512276287590223 0.00021591152649659697 0.00032063586934816913 
0.00012516604014926362 0.00021586653786270316 0.00032066042529676423 
0.0001252151639339084 0.00021582854981472665 0.0003206800334960507 
0.0001252705070929154 0.00021579748367031294 0.0003206945345053882 
0.00012533212222393694 0.00021577289187643738 0.00032070412355157945 
0.00012539970246030861 0.0002157540168672177 0.00032070932621590067 
0.00012547257154009022 0.00021573986883648315 0.0003207109499665456 
0.00012554970599136506 0.00021572931456883038 0.0003207100157342454 
0.00012562978939311824 0.00021572116883462308 0.000320707675295373 
0.00012571129569811 0.00021571428001112338 0.0003207051212895493 
0.0001257925958211121 0.00021570760251379739 0.00032070349717050993 
0.00012587207936312798 0.00021570025020845637 0.00032070381423561495 
0.00012594828168208786 0.0002156915270654837 0.0003207068821210344 
0.00012602000569722483 0.00021568093370662907 0.0003207132578613406 
0.0001260864279177977 0.0002156681509510233 0.0003207232169133236 
0.00012614717922410982 0.00021565300375550234 0.00032073674759054254 
0.00012620239282262546 0.00021563541084758 0.00032075356832329463 
0.000126252714392028 0.0002156153266889151 0.00032077316522995315 
0.00012629927251341515 0.00021559268305896022 0.00032079484582948903 
0.00012634361077034812 0.00021556733745519322 0.0003208178034847324 
0.00012638758612641836 0.00021553903468181753 0.00032084118644469013 
0.00012643324105654225 0.00021550738652730166 0.0003208641652072237 
0.0001264826591701938 0.00021547187245859526 0.00032088599235229206 
0.00012653781551937515 0.00021543186198100646 0.000320906049949229 
0.00012660043330004682 0.00021538665695021138 0.00032092388102168874 
0.00012667185818613367 0.00021533554991141223 0.0003209392032222575 
0.00012675296011724707 0.00021527789269718746 0.00032095190466523155 
0.00012684407011809436 0.00021521316822620447 0.0003209620236174458 
0.00012694495685318865 0.0002151410578421045 0.0003209697152883517 
0.00012705484436494044 0.0002150614966835142 0.0003209752101475323 
0.00012717246908913033 0.0002149747104792114 0.00032097876892101717 
0.0001272961710790377 0.00021488122874126672 0.0003209806396135175 
0.000127424011670034 0.00021478187144395467 0.00032098102155783903 
0.0001275539078090867 0.00021467770873406962 0.0003209800406439701 
0.0001276837721252445 0.00021456999579242997 0.00032097773861466033 
0.00012781164761605963 0.00021446008741488835 0.0003209740777576889 
0.0001279358265762619 0.0002143493389723553 0.0003209689606307464 
0.0001280549450180977 0.00021423900194035645 0.0003209622627900868 
0.000128168046171157 0.00021413012300684992 0.00032095387502235976 
0.00012827460948469226 0.0002140234557830559 0.00032094375044672946 
0.00012837454462732314 0.00021391939333942467 0.0003209319511752505 
0.00012846815300971716 0.00021381792822542192 0.0003209186890649927 
0.00012855606207541097 0.00021371864443578263 0.0003209043554868756 
0.0001286391397750111 0.00021362074314382486 0.00032088953594387135 
0.000128718398075101 0.00021352310116389572 0.0003208750067149729 
0.0001287948949396229 0.00021342435828014777 0.0003208617123604825 
0.00012886964392332695 0.000213323027039421 0.00032085072474465477 
0.00012894353937887762 0.00021321761657696868 0.00032084318604582194 
0.00012901730342539417 0.0002131067607104466 0.00032084023985908666 
0.00012909145844303043 0.00021298934002167406 0.00032084295579718625 
0.0001291663261802547 0.00021286458799906844 0.0003208522538330481 
0.00012924205184644403 0.00021273217251131565 0.0003208688349166179 
0.00012931864907127208 0.00021259224582535579 0.00032089312410138324 
0.00012939605957991332 0.00021244545890433902 0.00032092523154809977 
0.00012947422004889675 0.00021229293860747803 0.000320964935402816 
0.0001295531279991313 0.00021213622941605487 0.000321011688786925 
0.00012963289880218198 0.00021197720416969476 0.0003210646511395479 
0.00012971380689744873 0.0002118179507696917 0.00032112274209042716 
0.0001297963060378798 0.00021166064368047084 0.00032118471409607006 
0.00012988102563152575 0.00021150741017915642 0.0003212492384158689 
0.0001299687428049473 0.00021136020157513704 0.0003213149977871756 
0.00013006033243256803 0.00021122067903132954 0.0003213807784901244 
0.00013015669979692283 0.00021109012222535146 0.00032144555443848515 
0.0001302587025297985 0.00021096936702269214 0.00032150855650187087 
0.00013036706983418346 0.00021085877578241513 0.0003215693214137733 
0.00013048232756303907 0.00021075824110948122 0.00032162771625295577 
0.00013060473746486523 0.00021066722105485624 0.00032168393646551496 
0.0001307342578109488 0.00021058480119426836 0.00032173847755224267 
0.00013087053078510537 0.00021050977691127067 0.00032179208269637974 
0.00013101289960616716 0.00021044074775030267 0.0003218456705660857 
0.0001311604555842838 0.00021037621500950065 0.0003219002491265021 
0.00013131211243980147 0.00021031467386001737 0.0003219568224018644 
0.00013146670250616894 0.0002102546921827022 0.0003220162976459216 
0.00013162308715363008 0.00021019496990696445 0.000322079400267966 
0.0001317802721295612 0.0002101343747607227 0.0003221466031359808 
0.00013193751768022754 0.00021007195278785113 0.0003222180756055125 
0.00013209443339049596 0.000210006914525945 0.0003222936559183783 
0.00013225104866452258 0.00020993860012211192 0.0003223728486316993 
0.00013240785159968036 0.000209866428673896 0.00032245484665070344 
0.00013256579152823314 0.00020978983853001576 0.000322538575432093 
0.00013272624350168543 0.0002097082260394207 0.000322622755172418 
0.0001328909362101306 0.0002096208902324405 0.00032270597544798834 
0.00013306184797993515 0.00020952699016230992 0.00032278677594116016 
0.00013324107829677247 0.00020942552020952412 0.00032286372663615067 
0.00013343070450509486 0.0002093153066984744 0.00032293550120686805 
0.00013363263473916507 0.00020919502689128048 0.0003230009382062523 
0.00013384846861400247 0.00020906324903274514 0.0003230590860093626 
0.00013407937669987315 0.00020891848986127423 0.00032310922912694547 
0.0001343260083585157 0.00020875928409439572 0.00032315089533401946 
0.0001345884352587601 0.00020858425903846474 0.00032318384487276674 
0.0001348661350066898 0.00020839220679393485 0.0003232080446242479 
0.00013515801607387167 0.0002081821466049133 0.0003232236314466393 
0.00013546248186921728 0.00020795337073312004 0.00032323086973295876 
0.00013577752866604184 0.00020770546874773052 0.0003232301085753871 
0.0001361008694371238 0.0002074383271748365 0.0003232217437132797 
0.0001364300736934756 0.00020715210384956051 0.0003232061887177218 
0.00013676271233054637 0.00020684717883277015 0.0003231838587043702 
0.00013709649634298458 0.00020652408615128416 0.0003231551683880429 
0.00013742939907514942 0.00020618343266348777 0.00032312054464442216 
0.00013775975334444246 0.00020582581184101908 0.00032308045209028605 
0.00013808631714713968 0.00020545172104138417 0.00032303542869536745 
0.00013840830451089292 0.00020506149084072267 0.00032298612724349535 
0.00013872538113384405 0.00020465523418796761 0.00032293335768378983 
0.00013903762747170207 0.00020423282159274484 0.0003228781251309059 
0.00013934547463523596 0.00020379388640047867 0.0003228216585144565 
0.00013964962060937207 0.00020333786162582892 0.00032276542562081185 
0.00013995093572372028 0.00020286404703733472 0.00032271113144566825 
0.000140250366884101 0.0002023717024573214 0.0003226606982738489 
0.0001405488497851545 0.00020186016080506902 0.0003226162275827738 
0.00014084723721332487 0.00020132895248485522 0.00032257994557055954 
0.0001411462497394785 0.0002007779314774788 0.0003225541356782293 
0.0001414464527729736 0.00020020739304704846 0.00032254106275995666 
0.00014174826132964447 0.00019961817336782136 0.0003225428944326636 
0.00014205197120198876 0.00019901172257947696 0.00032256162552032105 
0.0001423578127569427 0.0001983901446933182 0.0003225990113568187 
0.00014266602154777 0.00019775620023549802 0.0003226565150303925 
0.00014297691849234694 0.00019711327031925416 0.0003227352724944459 
0.00014329099166183595 0.000196465283749357 0.00032283607793029943 
0.00014360897179518318 0.00019581661153440048 0.0003229593899563177 
0.00014393189448702102 0.0001951719355841013 0.0003231053573870681 
0.00014426114350156387 0.00019453610020059815 0.0003232738614185267 
0.00014459847169338394 0.00019391395608397787 0.00032346456950838205 
0.00014494599837210594 0.0001933102068749678 0.00032367699497534306 
0.00014530618440689036 0.00019272926773148357 0.0003239105555690182 
0.0001456817886947362 0.0001921751441309702 0.000324164624034898 
0.00014607581159278198 0.00019165133712303873 0.0003244385640445591 
0.00014649143235018978 0.00019116077879822473 0.0003247317457594302 
0.00014693194832965197 0.0001907057990016056 0.00032504353668063305 
0.00014740072380495825 0.00019028812154041425 0.0003253732652008223 
0.00014790115535087955 0.00018990888555173155 0.00032572015627645146 
0.00014843665936852205 0.00018956868553180107 0.00032608324072053955 
0.00014901068524256556 0.00018926762196799633 0.00032646124160819325 
0.0001496267551920434 0.0001890053536912599 0.00032685244302823495 
0.00015028852927834437 0.00018878114304931047 0.0003272545477629482 
0.00015099989151774585 0.0001885938857871972 0.00032766453132526907 
0.00015176505085221474 0.0001884421190380551 0.0003280785000633883 
0.00015258864907631282 0.0001883240029350024 0.000328491560740427 
0.00015347586686595183 0.00018823727386420855 0.00032889770814806615 
0.0001544325189041676 0.00018817917006387465 0.0003292897360047 
0.00015546512976663307 0.00018814633289764184 0.00032965917475156695 
0.00015658098364223385 0.00018813468947008583 0.0003299962580585174 
0.0001577881429601638 0.00018813932412263589 0.00033028991806683896 
0.00015909543333291436 0.00018815434763022582 0.0003305278078133617 
0.00016051239459864773 0.00018817277357687618 0.0003306963480626915 
0.0001620491998111334 0.00018818641148610733 0.00033078079505052094 
0.00016371654542282298 0.00018818578599111028 0.00033076532548295765 
0.00016552551629811697 0.00018816009092796838 0.00033063313554705984 
0.00016748742829039067 0.00018809718709867387 0.00033036655158790444 
0.0001696136487066831 0.00018798365303674406 0.00032994715133296415 
0.00017191539095551113 0.00018780489993233852 0.00032935589584299666 
0.0001744034740287859 0.00018754536548458366 0.0003285732734031538 
0.00017708803033093473 0.00018718880739503258 0.0003275794569253 
0.00017997813698701693 0.00018671872602156413 0.00032635447562503605 
0.00018308133650908964 0.0001861189578310637 0.0003248783992173612 
0.00018640300308550112 0.00018537449707183213 0.0003231315280313795 
0.00018994550144380603 0.00018447262270412793 0.0003210945746131811 
0.00019370707709105426 0.000183404430970611 0.0003187488108541079 
0.0001976804109051935 0.0001821669004923856 0.0003160761387140816 
0.00020185076909304072 0.00018076564514099653 0.00031305902151007483 
0.00020619368356245747 0.00017921853770071745 0.0003096801859822738 
0.00021067211064149593 0.00017756041025593228 0.00030592197283466494 
0.00021523304158151577 0.0001758490484530968 0.00030176517594800037 
0.00021980358113301337 0.00017417268576749747 0.0002971871703647881 
0.00022428657620344363 0.00017265915531195495 0.00029215909155586354 
0.0002285559709184964 0.00017148674941856428 0.0002866418027955542 
0.00023245219198784876 0.00017089664391922355 0.0002805803893965725 
0.00023577803060986395 0.00017120643237321384 0.0002738969723341949 
0.00023829567940512116 0.00017282385141041427 0.00026648177418673506 
0.00023972579006738593 0.0001762591328792275 0.0002581826433469274 
0.0002397496109183237 0.00018213357770605916 0.0002487937034740921 
0.0002380153998564523 0.00019118092325395188 0.00023804450281126804 
0.0002341503329952172 0.0002042369195292007 0.00022559204309406284 
0.00022777898917850293 0.00022221132554437752 0.00021101939749140156 
0.0002185491511490453 0.00024603539820505527 0.00019384626553812639 
0.000206165124225317 0.0002765770082402046 0.00017355867529015619 
0.00019042805047318024 0.00031451499931353156 0.0001496669191846045 
0.0001712817472652008 0.0003601648437254281 0.0001218022176335706 
0.00014886115197840948 0.0004132504453633146 8.986243136958663e-05 
0.00012353781450868788 0.0004726252315321234 5.421298739061349e-05 
9.595197917312533e-05 0.0005359649343708557 1.5936590885284093e-05 
6.701308313867626e-05 0.0005994911122632917 -2.290195609718523e-05 
3.784230030674763e-05 0.0006578393776372638 -5.905538284209979e-05 
9.630566883686261e-06 0.0007042413213562198 -8.809289087933716e-05 
-1.6592102409099114e-05 0.0007311939974922693 -0.00010476093146254579 
-4.0225937178630804e-05 0.0007316762337989237 -0.00010380484202348971 
-6.12920828748062e-05 0.0007007162255647983 -8.115573731234173e-05 
-8.040362213745535e-05 0.000636837240432107 -3.5133309915117404e-05 
-9.844774430141594e-05 0.0005428405381303815 3.2799378065513814e-05 
-0.00011605353761460143 0.00042565565090107896 0.00011801550051198327 
-0.00013303691974704857 0.00029541596374382925 0.0002133636296890176 
-0.00014803403677011913 0.00016414356335678332 0.00031015427768849577 
-0.00015848217743799628 4.4302739062496664e-05 0.0003992415084804632 
-0.0001610352453681181 -5.2768485084378746e-05 0.00047215683693815555 
-0.000152397433275409 -0.000118563789885183 0.0005223245716204028 
-0.00013038662706830805 -0.0001489679675987675 0.0005462095833954819 
-9.485946365335823e-05 -0.00014507254279341993 0.0005440124148903738 
-4.811032658152984e-05 -0.00011275029232739282 0.0005195443275713772 
5.420030323410206e-06 -6.105611107108083e-05 0.00047926055961473163 
5.9974423507949235e-05 -9.171260837245341e-08 0.00043082370335061244 
0.0001095233274376575 6.090873427938066e-05 0.00038169385758000387 
0.00014873418528387776 0.00011482178239417503 0.00033808070038890046 
0.00017370034553345568 0.00015714163658368525 0.00030435818118654387 
0.00018235813302366628 0.00018590611841763432 0.0002828978834835903 
0.00017457437727649546 0.0002012507923581796 0.00027422703623925806 
0.00015193851871846706 0.00020478234467549169 0.0002774015144333433 
0.0001173507320429172 0.00019892862822978746 0.00029047526899432085 
7.452721022206765e-05 0.00018637868839927265 0.00031095806756876277 
2.755686215032557e-05 0.00016968131606029103 0.0003361751166278042 
-1.948452915569759e-05 0.00015099384057864657 0.0003635300247195903 
-6.278272081925563e-05 0.00013197621589531151 0.0003906509417268818 
-9.897549480804462e-05 0.00011377475544352448 0.00041547918722100715 
-0.0001252958298544293 9.706408915797915e-05 0.0004363236008928065 
-0.00013968709767072296 8.212063812886169e-05 0.0004519005720571318 
-0.00014088623198455847 6.891221857998004e-05 0.0004613622371165526 
-0.00012845860514421503 5.71946870527677e-05 0.0004643048378002775 
-0.00010277015893453927 4.660877872885249e-05 0.0004607475421185231 
-6.489611016829148e-05 3.677063859971894e-05 0.00045107805242960774 
-1.6483147198109006e-05 2.735020160040926e-05 0.00043597076840488485 
4.0405873897132505e-05 1.813348347274213e-05 0.00041629101459378023 
0.00010343467215446625 9.067490080507317e-06 0.00039300148346088875 
0.00017010330795046199 2.8859869994073313e-07 0.0003670841774146385 
0.00023782016293715012 -7.86410075680186e-06 0.00033948477212664824 
0.0003039469164930198 -1.4850078467730016e-05 0.0003110792942589023 
0.0003658380853006405 -1.994487561859278e-05 0.00028265755763566894 
0.00042089978571954983 -2.2277201287888826e-05 0.00025491509985976643 
0.000466686616241873 -2.0888885798032818e-05 0.0002284456794250392 
0.000501041587829559 -1.4818035566562654e-05 0.00020372941045725942 
0.0005222650794082871 -3.2000404514064896e-06 0.0001811164521755484 
0.0005292811326117732 1.4625652883239974e-05 0.0001608112889185467 
0.0005217608941907574 3.901975771339252e-05 0.00014286600987651607 
0.0005001692985519748 6.997464447433115e-05 0.00012719091908949782 
0.0004657213446184593 0.00010708284693694049 0.0001135869640648242 
0.0004202603366734628 0.00014954199699190602 0.00010179840645787515 
0.00036609064471500254 0.00019618629322710462 9.157847749041808e-05 
0.0003058035485835276 0.0002455307610912243 8.275755458140316e-05 
0.00024212573414124407 0.0002958178746847806 7.53031021158355e-05 
0.00017780198880846534 0.00034506479059072045 6.936218289522509e-05 
0.00011550524123512913 0.00039111934210497086 6.527937983883533e-05 
5.7755539123148134e-05 0.0004317393286568731 6.358490785068614e-05 
6.828672548301565e-06 0.0004647087282584626 6.495014957506987e-05 
-3.53550597941705e-05 0.0004879947158193388 7.011194475361573e-05 
-6.73546934488628e-05 0.000499932763386294 7.977310734755294e-05 
-8.832108323143e-05 0.0004994097456400169 9.449345896534475e-05 
-9.806567815577821e-05 0.000486005560233999 0.0001145900513611644 
-9.705881944949507e-05 0.0004600591418892901 0.0001400640425542027 
-8.634930094991e-05 0.0004226448300662325 0.00017056411395325645 
-6.742011650222672e-05 0.0003754713772024749 0.0002053852671658976 
-4.201228267152734e-05 0.00032073602261656906 0.00024349258358254976 
-1.1952389650646001e-05 0.00026097110003353357 0.00028355654441032506 
2.0989393602742113e-05 0.0001989100355570903 0.0003239908975389813 
5.519943917311733e-05 0.00013738016728557685 0.0003629932609653195 
8.92816728325869e-05 7.92110982418948e-05 0.00039859805938722117 
0.00012209041002917868 2.7137049461644356e-05 0.0004287563198942449 
0.00015274688162161403 -1.6326200418093653e-05 0.0004514540240619053 
0.00018064672369038265 -4.9035245451741296e-05 0.0004648694205259014 
0.00020545885255608963 -6.93885868965612e-05 0.00046755290969417875 
0.0002271106458069783 -7.647797014371618e-05 0.0004585976252633005 
0.0002457529379088425 -7.018122256172767e-05 0.0004377630420805583 
0.0002617016943198648 -5.116725135592183e-05 0.00040552304893082616 
0.0002753595497892411 -2.0808819647194417e-05 0.0003630315959650501 
0.0002871264150462098 1.8973894962408093e-05 0.00031202345249217104 
0.00029731136957770077 6.58991329674314e-05 0.0002546830851433272 
0.0003060575015522364 0.00011749931719085875 0.00019351463477571457 
0.0003132887106638638 0.0001712621555662495 0.00013123219643404417 
0.0003186847877363333 0.00022473304140875904 7.066990190878717e-05 
0.00032168930720767196 0.0002755916269466078 1.4694784782526282e-05 
0.00032155333804646504 0.00032172275755328495 -3.390112556013545e-05 
0.0003174149926416814 0.0003612980370474131 -7.254661365076054e-05 
0.00030840911755285026 0.0003928714145343743 -9.90742129408271e-05 
0.00029379363979981326 0.00041547584383754173 -0.00011191640893112962 
0.00027307232260318447 0.0004286957912154292 -0.00011027328297805473 
0.00024609218777380427 0.0004326888926758682 -9.420717500898708e-05 
0.00021310011465718853 0.0004281414597052968 -6.463673926074525e-05 
0.0001747554113497528 0.00041616204260875315 -2.3232607444177787e-05 
0.00013210784157284533 0.000398135489129743 2.7754392343366975e-05 
8.655741564248484e-05 0.00037556852773855935 8.568738000161707e-05 
3.981011879971884e-05 0.0003499543920815226 0.000147720205333976 
-6.165786571239178e-06 0.0003226722328580142 0.00021093672050329315 
-4.919030006442014e-05 0.0002949237034989487 0.0002724554905647674 
-8.694528743082513e-05 0.0002676996002480209 0.0003295194657320519 
-0.00011708827438145239 0.00024176604012721923 0.00037959437574892424 
-0.0001374143217245387 0.00021766169410286813 0.0004204906092016374 
-0.00014605602823398602 0.00019570265095372047 0.00045050481584580656 
-0.00014169143665204698 0.00017599659939249323 0.0004685571499661068 
-0.00012371658431851434 0.00015847063486381028 0.00047428777315020694 
-9.234223797564836e-05 0.00014291592577851016 0.000468079520489557 
-4.859446378370879e-05 0.00012904842457038584 0.00045099278999705393 
5.772219408640858e-06 0.00011658001052875698 0.00042462521361234817 
6.841630187612764e-05 0.0001052912590584782 0.00039092969414638554 
0.00013656473684001624 9.509646818109933e-05 0.000352030671646931 
0.00020715217270654096 8.609293601551958e-05 0.00031006933667859505 
0.00027693538530028134 7.85882506817239e-05 0.00026709072497043047 
0.0003425962561938388 7.310054710356895e-05 0.00022496827331910666 
0.00040085927434181797 7.032765624667153e-05 0.00018535112157420821 
0.0004486474785911494 7.108325751853769e-05 0.0001496186128151494 
0.00048328382624764283 7.620293584445958e-05 0.000118833713111477 
0.0005027188037019639 8.643034667747709e-05 9.369842383967063e-05 
0.000505740744048715 0.00010230107151257034 7.45242117326076e-05 
0.0004921157185613094 0.0001240451488438251 6.123390322865696e-05 
0.00046261682503670974 0.00015152548340780398 5.340608830439289e-05 
0.00041893451109889924 0.00018421876163461352 5.036112324339513e-05 
0.0003634954376366547 0.00022123274789055073 5.1275205441873975e-05 
0.0002992399623210159 0.00026134520942666173 5.530167451835196e-05 
0.0002294083022392247 0.00030304932267762855 6.167910704474224e-05 
0.00015736595606135288 0.00034459791462810555 6.981198888139092e-05 
8.647168768008648e-05 0.00038405019039853535 7.931762049884827e-05 
1.9969030159798783e-05 0.0004193341587221607 9.003902587451422e-05 
-3.91266414554093e-05 0.000448340967731839 0.00010202692939229633 
-8.816629749883656e-05 0.00046906109620975425 0.00011549533830477045 
-0.0001250315058351145 0.0004797574040455552 0.00013075659376299178 
-0.00014830093621337083 0.00047915130279269265 0.0001481438173920605 
-0.0001573777291543709 0.00046658431494083104 0.00016793085258645245 
-0.00015253605872962294 0.0004421166448504079 0.00019026036430482165 
-0.00013486476075156334 0.000406540077711273 0.00021508833081618353 
-0.00010611693121322578 0.00036130848740558493 0.0002421480931753675 
-6.850179828665897e-05 0.0003084129705775272 0.000270931719507559 
-2.446630087748553e-05 0.00025023881034500644 0.00030068358545241804 
2.3494180696818364e-05 0.00018943465626241617 0.00033040241906426136 
7.297666037009461e-05 0.00012880579389413485 0.0003588530395557881 
0.00012176510496045805 7.122294694047624e-05 0.0003845951605146064 
0.00016789487940943088 1.9524798856957728e-05 0.00040604057267371176 
0.00020970610850718968 -2.3608226376252672e-05 0.00042154867071005477 
0.0002458977146768684 -5.581861558300407e-05 0.0004295620475240694 
0.0002755808613579739 -7.5262579091566e-05 0.0004287700562041686 
0.0002983180753692167 -8.07926468019244e-05 0.0004182738446651254 
0.00031412874203307333 -7.208671474649762e-05 0.0003977188157517977 
0.00032344637143771383 -4.968624158409936e-05 0.000367365590516463 
0.0003270262130879194 -1.4931780981750878e-05 0.0003280880334430477 
0.0003258169584896171 3.018468744989342e-05 0.00028130906919855844 
0.0003208201001071432 8.320933933884199e-05 0.0002289010305552142 
0.0003129613401554992 0.0001414137814680218 0.0001730797810407897 
0.0003029918367457293 0.00020195056903485705 0.00011631100402428197 
0.0002914277558835473 0.0002619706147474427 6.122933965004379e-05 
0.0002785289084928316 0.00031871643393388825 1.0555143042741372e-05 
0.00026431294052500217 0.0003696147339290278 -3.301336584817367e-05 
0.0002485997797613299 0.0004123877935656254 -6.69492447202874e-05 
0.00023107989333418416 0.0004451874252841084 -8.908662816679603e-05 
0.00021139805893902018 0.0004667345574312192 -9.782736330732401e-05 
0.00018924210490093072 0.00047643122096700834 -9.232195273747566e-05 
0.00016442511979516164 0.0004744090809940249 -7.257884155029883e-05 
0.0001369516439355051 0.0004614929185711578 -3.947258175013109e-05 
0.00010706335224336305 0.00043908284997696206 5.348269082331629e-06 
7.52655771427481e-05 0.0004089832341712485 5.9623038501266785e-05 
4.233958588463344e-05 0.0003732177977729413 0.0001206654174280055 
9.344725333319148e-06 0.00033386582887936416 0.0001855348373322747 
-2.239041209058428e-05 0.00029293827872366277 0.0002511734610711036 
-5.129535329192709e-05 0.0002522942955375048 0.0003145135593284259 
-7.561603272335849e-05 0.0002135858418949347 0.00037257703739837294 
-9.35157961884448e-05 0.0001782142903782695 0.00042259240966326616 
-0.00010322271096704477 0.00014728786282670696 0.0004621434853726141 
-0.0001032118420228212 0.00012157913753371404 0.0004893425721444159 
-9.23945317454003e-05 0.0001014924980774358 0.0005029980580346392 
-7.027659662490882e-05 8.705702183649052e-05 0.0005027331790193541 
-3.70509293937541e-05 7.795765066963541e-05 0.0004890181195249695 
6.391876829600233e-06 7.360742069523988e-05 0.0004631010032145617 
5.8526228076138937e-05 7.325099032250585e-05 0.0004268542063318807 
0.00011729917509024527 7.608082294619635e-05 0.0003825756879297823 
0.0001802494889556084 8.134569006841974e-05 0.00033279042416364135 
0.00024461516538530387 8.84358906088352e-05 0.0002800846294626276 
0.00030742591188028315 9.693705276647397e-05 0.00022698379263224393 
0.000365595987973917 0.0001066508955550454 0.0001758654426721441 
0.00041604235790268263 0.00011758519829055058 0.00012888672801075846 
0.00045584871568768486 0.00012991698991011007 8.790812339513486e-05 
0.0004824776997093055 0.00014393420955636892 5.440608914884668e-05 
0.0004940074754641863 0.0001599629540406409 2.938389965995763e-05 
0.0004893461320635641 0.0001782896785841423 1.3303442081733787e-05 
0.0004683706589368635 0.0001990888441088188 6.06427519505735e-06 
0.00043195327506973706 0.00022236491910947507 7.046658613987566e-06 
0.0003818712396227612 0.0002479131860971608 1.521653791637656e-05 
0.0003206311719571286 0.00027529831471358564 2.9271762143443528e-05 
0.000251258459772311 0.000303846010426073 4.779895182643412e-05 
0.00017709882061681866 0.0003326432951144485 6.941265744166287e-05 
0.00010165723835245493 0.0003605471329911946 9.285940716509378e-05 
2.8471746936993748e-05 0.0003862071510727617 0.00011708235387179256 
-3.9001421435892357e-05 0.0004081129445100971 0.00014125192931696088 
-9.752084094239577e-05 0.0004246766970836378 0.00016477188466053864 
-0.00014422958899103767 0.0004343555180670631 0.00018726906700251194 
-0.0001768562172618905 0.00043580543338803276 0.0002085716315090491 
-0.00019391443600348692 0.00042804437691371545 0.00022867676719487857 
-0.0001948518231433492 0.00041059176339987627 0.0002477073347040186 
-0.000180101476792551 0.0003835538684593636 0.0002658576363541757 
-0.00015101591532195075 0.0003476387929784303 0.00028333099458988337 
-0.00010969846958364422 0.0003041063292885741 0.00030027427258022386 
-5.877632349650733e-05 0.00025467609503534484 0.0003167156631991004 
-1.1681582430042982e-06 0.00020142326896977053 0.00033251190541746926 
6.011324617992918e-05 0.0001466834320039114 0.00034731048730821123 
0.00012210786417350754 9.297158655349503e-05 0.00036053235885464955 
0.00018201336829359237 4.2903768615889636e-05 0.00037138127813194147 
0.00023727085200880325 -8.996912847874215e-07 0.0003788859498687259 
0.00028565400760182356 -3.5947837711182526e-05 0.0003819786425058281 
0.0003253719130744693 -6.005388455030539e-05 0.00037960758114539115 
0.0003551764827992253 -7.153348822458544e-05 0.00037087076877019055 
0.00037444882993454545 -6.938878301524949e-05 0.00035514950152733444 
0.00038323312166524393 -5.343300354261152e-05 0.0003322159550977749 
0.0003821962434244516 -2.4322088624218114e-05 0.0003022946055013791 
0.0003725129817886742 1.6513155216976353e-05 0.0002660709312731199 
0.0003556990780551445 6.701069672945174e-05 0.00022465667805254087 
0.00033342756749966024 0.00012465479241341822 0.0001795311169628471 
0.0003073626091315658 0.00018664643783043716 0.00013247751739063715 
0.0002790327602704985 0.0002500431113052334 8.552441770772487e-05 
0.0002497499932411148 0.00031186759905501633 4.0887544462695716e-05 
0.00022056861313031419 0.0003692043463758353 8.970716577153535e-07 
0.00019227286200131796 0.00041930832966249334 -3.2108232006403955e-05 
0.00016538291879011083 0.00045974362014561615 -5.5930839043114976e-05 
0.0001401735529954826 0.000488549501389721 -6.870202572809947e-05 
0.00011670460032391783 0.0005044090060706245 -6.908015583050506e-05 
9.486508102059546e-05 0.0005067790264247656 -5.6418020978750855e-05 
7.44320890987145e-05 0.0004959422169889504 -3.085821926759888e-05 
5.5142326759579404e-05 0.0004729606348389048 6.665969855699404e-06 
3.677041057830717e-05 0.0004395409551482575 5.451794364718469e-05 
1.9205797192828165e-05 0.0003978465480222621 0.00011050193709229565 
2.519963821981787e-06 0.0003503009834267218 0.00017202295252272506 
-1.2983578929975012e-05 0.00029941851491188074 0.00023623024193078718 
-2.674315538914621e-05 0.0002476768777075929 0.00030013287074407986 
-3.794344244799851e-05 0.00019742696894118472 0.00036069774560169426 
-4.555723685981118e-05 0.00015082112216038677 0.00041495387630832595 
-4.842860711814816e-05 0.00010974047551924485 0.00046012620952237747 
-4.539502754243201e-05 7.571146208964347e-05 0.0004938078385090784 
-3.5435793235226014e-05 4.981708877597194e-05 0.000514155842241153 
-1.782343441382694e-05 3.262319887738997e-05 0.0005200734295905051 
7.750319270067251e-06 2.4145822664156652e-05 0.0005113312873936127 
4.109767109770692e-05 2.3878921845007275e-05 0.0004885915010320544 
8.151625224406191e-05 3.088473903139309e-05 0.0004533253254316895 
0.0001278205744214394 4.3929841467754314e-05 0.0004076483953435141 
0.00017840281030225764 6.163802648011054e-05 0.00035411794183721774 
0.00023130126055166144 8.263108467770491e-05 0.0002955374604567331 
0.0002842647108833526 0.0001056378924589479 0.00023479751579042442 
0.00033481603973123934 0.00012956526570269308 0.00017475727547087218 
0.0003803314691593031 0.0001535345122488175 0.00011815132477866879 
0.00041815640553124675 0.00017689266929405106 6.749786337542651e-05 
0.0004457714263848172 0.00019920716066358567 2.4989752981332343e-05 
0.00046100341839811295 0.0002202491650321581 -7.633689416260435e-06 
0.0004622532938716416 0.00023996702254440563 -2.921582188659681e-05 
0.00044869384104098697 0.0002584487034460238 -3.9279652240590233e-05 
0.0004203899440931026 0.0002758726755702567 -3.805900808207072e-05 
0.0003783125684889295 0.00029244889494157945 -2.644599567205256e-05 
0.0003242501471037214 0.00030835451106134374 -5.862108119919084e-06 
0.00026065076419913964 0.000323670669094819 2.1917240420600136e-05 
0.00019044157706325142 0.0003383270031741736 5.494576470311261e-05 
0.00011686376611030235 0.0003520597524098802 9.126428319643508e-05 
4.333846997940187e-05 0.00036438900257064174 0.00012901717170889394 
-2.664620396235551e-05 0.0003746207964626456 0.0001665281001372598 
-8.965359102714867e-05 0.00038187995499993125 0.0002023471928720275 
-0.00014244988022466554 0.00038517765802430584 0.00023528437782671926 
-0.0001822007034898829 0.0003835125672244072 0.0002644385994786109 
-0.000206698413306518 0.0003759956186503657 0.0002892232763095108 
-0.0002145787007883776 0.0003619793361746112 0.000309379617882355 
-0.00020547193676653144 0.0003411674359193691 0.00032496561910063055 
-0.00018004444031680602 0.00031368375279913416 0.0003363119063193096 
-0.00013991584588248442 0.0002800912569930406 0.0003439446323788045 
-8.747659587149054e-05 0.00024136713232899749 0.00034848573497680115 
-2.565583114553995e-05 0.000198851068024524 0.0003505472060812124 
4.2306740748633505e-05 0.00015418574028995986 0.00035063636700343636 
0.00011304939277730215 0.0001092607560405859 0.000349084837971627 
0.0001832295442638933 6.615854934981325e-05 0.00034600814672188423 
0.0002496339618848032 2.7089184567940085e-05 0.00034129835397149586 
0.00030928568032114313 -5.703717941907255e-06 0.00033464928931406886 
0.0003595704467712253 -3.0078469194934836e-05 0.0003256118437670575 
0.0003983871425640152 -4.41698251569007e-05 0.0003136737349097647 
0.00042430262693674003 -4.658031437588446e-05 0.000298353876035542 
0.00043667301176475226 -3.655024344532265e-05 0.0002792974545586856 
0.00043569088512874403 -1.4065583810136636e-05 0.00025635674739367485 
0.0004223348969579616 2.012239516222767e-05 0.00022964646542994715 
0.00039822736810588423 6.456526471660984e-05 0.00019957023435158972 
0.0003654329015187685 0.00011724704935671024 0.0001668231225318875 
0.0003262435604009417 0.0001757364464896182 0.00013237966371981775 
0.0002829902519465768 0.0002373281223603713 9.74753018861827e-05 
0.00023790147010316825 0.0002991580296157918 6.358251345036468e-05 
0.00019300986950622614 0.0003582992703304839 3.237444331736914e-05 
0.00015009288409075706 0.00041185996182068786 5.663026844208405e-06 
0.00011062961604153274 0.00045710678813208226 -1.4701023764719515e-05 
7.576175231325368e-05 0.0004916261710090751 -2.6970466706682653e-05 
4.6257386438350016e-05 0.0005135131698300929 -2.96748577108564e-05 
2.248769275943691e-05 0.000521555232302326 -2.179729593471027e-05 
4.431840873209169e-06 0.0005153653209511735 -2.9174529503229324e-06 
-8.277765577355419e-06 0.0004954253122731935 2.6711834875800582e-05 
-1.6268569694388778e-05 0.00046302528521282275 6.616856780835949e-05 
-2.0310678427354077e-05 0.00042011618252466596 0.00011393567978775534 
-2.1189421834721928e-05 0.00036911674559610814 0.00016801606677254154 
-1.9588830820552237e-05 0.0003127202400848674 0.00022605534000693988 
-1.6002174118725948e-05 0.0002537327264237645 0.00028545007206491824 
-1.0678358139052128e-05 0.000194951593062916 0.00034343842325227324 
-3.606884029116599e-06 0.00013907212099516052 0.0003971878110024992 
5.459632625694197e-06 8.859922977056366e-05 0.00044390288903059104 
1.6948717328630944e-05 4.5744403279552996e-05 0.000480972511996092 
3.138324040492815e-05 1.2302281350751323e-05 0.0005061572308692997 
4.9278876550532365e-05 -1.0478643042601606e-05 0.0005177951130939319 
7.103833415309368e-05 -2.2000575864392893e-05 0.0005149838117696872 
9.685841504217119e-05 -2.236203542173434e-05 0.0004976920362943002 
0.00012666261777233913 -1.232303784883405e-05 0.0004667691861823291 
0.00016006416172187061 6.807773155403772e-06 0.0004238522965988376 
0.00019635544467560314 3.333826591307975e-05 0.0003712000661326679 
0.0002345146062311459 6.537256949852558e-05 0.00031149984520328477 
0.0002732208391344449 0.00010097139445282833 0.0002476890019279819 
0.000310876811885579 0.00013827365394701474 0.00018281199990519354 
0.0003456456233543152 0.00017557749658391448 0.0001199100971996327 
0.00037551645556937877 0.0002113914097367529 6.192280344583526e-05 
0.00039841327473536935 0.0002444701911595937 1.1575767419874173e-05 
0.0004123521720414279 0.0002738466518946799 -2.8760113323356954e-05 
0.0004156363192387985 0.00029886098686279355 -5.723284125189361e-05 
0.00040705872161643904 0.0003191804233688846 -7.266857470914276e-05 
0.0003860711578336473 0.00033479670879190044 -7.468448420857438e-05 
0.0003528810571158616 0.0003459910473199615 -6.371815802021501e-05 
0.000308457765743059 0.0003532644983304696 -4.09588001843014e-05 
0.00025445740131274923 0.0003572423995197964 -8.195508760633623e-06 
0.00019309772554240568 0.00035856888735663145 3.237899957152934e-05 
0.0001270207343008946 0.0003578091019096189 7.836498363197292e-05 
5.916957799152635e-05 0.00035537288928800555 0.00012731990137965452 
-7.3148337864981555e-06 0.000351467863508415 0.00017687835813313843 
-6.919290915572337e-05 0.0003460845564619871 0.00022483542755183166 
-0.00012324744907493324 0.00033901320605825806 0.00026921181333353344 
-0.00016644913090360847 0.00032988971233974387 0.00030831876444214123 
-0.00019617021696501937 0.0003182658915347124 0.0003408304586398548 
-0.00021042322023803032 0.0003036956173393667 0.0003658567657206877 
-0.00020807739355279092 0.0002858246998308536 0.00038299691078014296 
-0.00018899841674535942 0.00026447071986791776 0.00039235115435461095 
-0.000154072594234242 0.00023968153987722783 0.0003944758826456132 
-0.00010511099273616872 0.00021176771962663597 0.00039028400155356914 
-4.4665065437980874e-05 0.00018131177423109086 0.000380909130834129 
2.419408352168404e-05 0.00014916219183262915 0.00036756095283576896 
9.808371679367729e-05 0.0001164197937146255 0.0003513973116083119 
0.00017347776127029374 8.441861236877486e-05 0.0003334292346551852 
0.0002468367552593998 5.469575143869141e-05 0.00031446374152711447 
0.0003147224681605984 2.89386021682716e-05 0.00029508089008795346 
0.00037392686931605394 8.896997128311578e-06 0.00027563779751090846 
0.00042163469818383686 -3.745430958955871e-06 0.00025629248620200707 
0.00045561544180494997 -7.532872934173007e-06 0.00023704222466896052 
0.00047441375798844276 -1.408190599188529e-06 0.00021777260270078742 
0.0004774902918887969 1.5141540399146719e-05 0.00019831396501712484 
0.00046526799364961734 4.1997771730182306e-05 0.00017850129152170908 
0.00043906359298995977 7.839895628178759e-05 0.0001582331244430475 
0.00040091894777772213 0.00012299902845210265 0.00013752548859225015 
0.0003533753837421289 0.0001739706256403874 0.00011655783664441606 
0.00029924301895133717 0.00022912116450366228 9.570893220893187e-05 
0.00024140505795948057 0.00028599808060755387 7.558019786793062e-05 
0.00018267309216679254 0.0003419770058846402 5.7002105511767855e-05 
0.00012568590246252187 0.00039434446058018475 4.101660367143486e-05 
7.283043760026862e-05 0.0004403967957919124 2.8827366965873176e-05 
2.6163219413673808e-05 0.000477575020461246 2.171214339189955e-05 
-1.2678169264458613e-05 0.0005036405140678645 2.0899022687674904e-05 
-4.2566274038533875e-05 0.0005168742092275466 2.7419936415825513e-05 
-6.295489102911363e-05 0.000516261124194253 4.196581323074729e-05 
-7.390207666546102e-05 0.000501614283203216 6.47724135131901e-05 
-7.602576769947373e-05 0.0004736037091104957 9.555964829024893e-05 
-7.039211738398353e-05 0.0004336838791615577 0.00013353138410271715 
-5.835716671098383e-05 0.0003839437925421487 0.00017742450407173626 
-4.1394305459669945e-05 0.00032692263195366805 0.00022558433538565276 
-2.0938950114334832e-05 0.000265433146548313 0.0002760437440943534 
1.7290291259994468e-06 0.00020241741177919753 0.0003265940666904182 
2.5558468336693755e-05 0.00014083585169250799 0.000374851487640395 
4.975973181546432e-05 8.357143445944981e-05 0.0004183350243390062 
7.38062344943006e-05 3.332412308132654e-05 0.0004545760504366418 
9.741360145973992e-05 -7.521833890863856e-06 0.0004812715012422782 
0.00012050271300303253 -3.705630913413666e-05 0.0004964749677357833 
0.0001431501925146828 -5.400341808687201e-05 0.0004987981355726935 
0.000165528776739185 -5.784396609056515e-05 0.0004875796533307085 
0.00018784060022987247 -4.8861785427722866e-05 0.0004629791101762252 
0.00021024771758772537 -2.8094655954753154e-05 0.0004259729578507126 
0.00023280492476767273 2.800471468355527e-06 0.00037825910805036286 
0.00025539962330886786 4.1733510326048145e-05 0.0003221030414333354 
0.0002777027128408506 8.637505370275038e-05 0.000260168250222469 
0.0002991344707932958 0.0001343231719478076 0.00019536476405782675 
0.0003188507791165512 0.00018322789730955608 0.00013072813236799562 
0.00033575731488894836 0.00023087812582193654 6.931872879409605e-05 
0.0003485605125048372 0.00027526810010189477 1.4117412586917634e-05 
0.00035586167141929545 0.00031466199396888207 -3.210618191497723e-05 
0.0003562927680043887 0.00034766637164729654 -6.696197487169464e-05 
0.00034868014451365986 0.0003733058872798181 -8.863011953688869e-05 
0.000332209686678408 0.00039108426865457177 -9.603726160184583e-05 
0.000306561099467125 0.00040100727640375567 -8.897192513759102e-05 
0.0002719846337586985 0.00040355059583628946 -6.810304708617247e-05 
0.000229310430710317 0.0003995711904156384 -3.489343709980143e-05 
0.0001799010893708838 0.0003901779390182285 8.568039408233787e-06 
0.00012557203784054202 0.00037658805680786274 5.9771066604442116e-05 
6.850532013916256e-05 0.00035999586411680827 0.00011598001760642796 
1.117112295177847e-05 0.00034147194996957727 0.0001743929788351758 
-4.374579246967413e-05 0.0003218992729039249 0.00023225873599095516 
-9.343224017799022e-05 0.0003019434863860575 0.00028696646108123855 
-0.00013506805823362226 0.0002820502252649428 0.00033613116346620307 
-0.00016599781884168275 0.0002624618387307467 0.0003776929538969843 
-0.00018394809102736254 0.00024324811235883662 0.0004100326330437622 
-0.00018726064649895996 0.00022434772523846465 0.00043208687010816015 
-0.00017509326223336864 0.00020561817662878587 0.00044343245835189876 
-0.0001475385461873063 0.00018689152039119962 0.00044430871787169224 
-0.00010563145667070049 0.00016803226450534252 0.0004355619166734182 
-5.124998325402568e-05 0.00014899325585917157 0.00041851913401697824 
1.3055536265933884e-05 0.00012986570160022066 0.00039481973276870225 
8.425556958624582e-05 0.0001109201744779704 0.0003662410029327256 
0.00015901678123205254 9.2635521525435e-05 0.000334548569857146 
0.0002338432319989826 7.571142662835316e-05 0.00030138719257299343 
0.00030519322483449064 6.10583949146969e-05 0.000268211787747265 
0.0003695987365032419 4.975769931037842e-05 0.00023624817000386655 
0.00042381555229817466 4.298551193963491e-05 0.00020647043674006376 
0.000465016684171048 4.190161954350258e-05 0.00017958602274643115 
0.0004910148522219426 4.7513330130893655e-05 0.00015602698323004266 
0.0005004729918260868 6.0535960250491524e-05 0.0001359530062621542 
0.0004930486973209781 8.127704361719348e-05 0.00011927450522003293 
0.0004694285740177949 0.00010956748945958682 0.00010570139673672494 
0.0004312394884241215 0.0001447493989581722 9.481623781241094e-05 
0.0003808613335948755 0.00018571297840807023 8.61628990079691e-05 
0.0003211917781256393 0.00023096247374680722 7.933748129531488e-05 
0.0002554164642887434 0.0002786891732105714 7.406811573891637e-05 
0.00018682012327001508 0.0003268382819264294 7.027335300156016e-05 
0.00011864654368074469 0.0003731707451316011 6.809262198275909e-05 
5.399151671198435e-05 0.0004153338547396884 6.788506576465417e-05 
-4.298153188850079e-06 0.000450959728721905 7.01950610810253e-05 
-5.3741807324323576e-05 0.0004778052328244945 7.568532813898887e-05 
-9.236290410323739e-05 0.0004939311432819095 8.504309250069882e-05 
-0.00011882958702118726 0.0004978975236193425 9.887103011124043e-05 
-0.00013256226484639595 0.0004889357238852801 0.0001175802669684743 
-0.00013377050095601597 0.00046705485323856385 0.00014130394432938082 
-0.0001233976989482809 0.00043305610029639415 0.00016984461124370457 
-0.00010297972395759287 0.00038845609674227025 0.00020265836961336464 
-7.444917248137115e-05 0.0003353472664341607 0.00023886807062774632 
-3.992856358267897e-05 0.00027623591312164427 0.00027729230145655373 
-1.5499454118370547e-06 0.00021389302895606814 0.0003164790128110686 
3.8678933581834206e-05 0.0001512335757366781 0.0003547409825764204 
7.896092264793162e-05 9.121774986340506e-05 0.0003902005592204429 
0.00011776040590866205 3.6752468923852036e-05 0.00042085819266766164 
0.00015383483866708057 -9.430933091788158e-06 0.00044469904300090227 
0.00018625824890883394 -4.493494830565026e-05 0.00045984265798587306 
0.00021443879156752272 -6.788034438478697e-05 0.00046472411487187153 
0.00023812340495726382 -7.708423912463556e-05 0.0004582772437075087 
0.00025737837762461685 -7.218691182191305e-05 0.00044008054949428897 
0.000272537479008895 -5.3689090614541716e-05 0.0004104314554777629 
0.0002841178852797872 -2.2886180068555103e-05 0.0003703345433963943 
0.00029271401298440437 1.8282555351409254e-05 0.0003214157797092484 
0.00029888575247531126 6.742890075911735e-05 0.0002657943906390302 
0.00030305824790886134 0.00012190949088648893 0.00020594805467175891 
0.00030544655336535204 0.00017898710002302732 0.0001445952293852112 
0.0003060133054225378 0.00023595076150289952 8.459815434317358e-05 
0.0003044634371993057 0.00029020656272313734 2.8871405554096845e-05 
0.0003002772595648687 0.00033936126806863326 -1.9728076143169296e-05 
0.0002927804936257522 0.0003813181448702275 -5.85487933353953e-05 
0.00028124535138316704 0.0004143904524900493 -8.533204115850244e-05 
0.0002650103703401541 0.00043741906567164323 -9.84162947408512e-05 
0.00024360068546200672 0.0004498654769071282 -9.691611461549153e-05 
0.00021682854025696215 0.0004518483424413497 -8.082855302562865e-05 
0.00018485874974838158 0.0004441039965569901 -5.1036208804080435e-05 
0.00014823451087732267 0.00042787395321348704 -9.206972386826732e-06 
0.00010787056104547997 0.0004047443124119368 4.237870834697348e-05 
6.50273446916822e-05 0.0003764728551323423 0.00010102632319374961 
2.1278324655650544e-05 0.00034483595322938295 0.00016380970022938416 
-2.1526022547314246e-05 0.00031151351614266265 0.00022771584089593947 
-6.130518773954994e-05 0.00027801406582031267 0.0002897551959826286 
-9.582245117786242e-05 0.0002456305001744105 0.0003470580207724359 
-0.0001228018750569967 0.0002154132576157296 0.000396981788861636 
-0.00014009514629009635 0.00018815088383456656 0.0004372446581232441 
-0.00014588671220185277 0.0001643554950657173 0.0004660797731286731 
-0.00013890527278377513 0.00014425828497901055 0.0004823833605597061 
-0.00011859718693553283 0.000127824180745756 0.00048581695230778333 
-8.522137032472083e-05 0.0001147929116262509 0.00047682872665486486 
-3.9846782751900065e-05 0.00010474696653954511 0.0004565806546641397 
1.5736561782035875e-05 9.719869584997686e-05 0.00042679697399613533 
7.915857475990089e-05 9.16831993977939e-05 0.0003895713578998816 
0.00014762128803630625 8.784270597954012e-05 0.0003471753894822578 
0.00021803364202412483 8.549106359119986e-05 0.000301899660460625 
0.0002871229594347286 8.465121447931678e-05 0.0002559389591837865 
0.0003515390610948178 8.556200651475096e-05 0.0002113145488715967 
0.0004079783877767195 8.865297579347005e-05 0.00016981641331375414 
0.00045335135282524054 9.44879677889477e-05 0.0001329488172969802 
0.0004849969097673457 0.00010368210883676076 0.00010187175889599361 
0.0005009205889515379 0.00011680196449777243 7.734411645396984e-05 
0.000500008141864207 0.0001342639624379868 5.968515472321411e-05 
0.0004821597709069149 0.00015624816408942046 4.8773807056695754e-05 
0.0004483066139296509 0.00018264082958581202 4.409764299719148e-05 
0.00040030601424904884 0.00021301049563142142 4.484892887098851e-05 
0.00034074853855740243 0.0002466123594756998 5.00508820892587e-05 
0.0002727300817542421 0.0002824096365990979 5.868981977828133e-05 
0.00019963877835023694 0.0003191012379312603 6.983064831599084e-05 
0.00012498388038848372 0.0003551519625392253 8.270126539272191e-05 
5.226520361603819e-05 0.00038883082623043916 9.674094190887171e-05 
-1.5139804580205363e-05 0.00041827044640771124 0.00011161471732675689 
-7.410079001278675e-05 0.000441561482491093 0.0001271990963042641 
-0.00012189000752249412 0.0004568887834768853 0.00014354496296267825 
-0.0001563645742805874 0.0004627010766803582 0.0001608235113268147 
-0.00017614539516252486 0.00045788880120521496 0.00017926139255602556 
-0.00018074641676400156 0.0004419333042992369 0.00019907216297554832 
-0.00017061141788226453 0.0004149926438084017 0.000220391406117325 
-0.00014703970141685682 0.00037790619980763063 0.00024322152706255504 
-0.00011201600393775639 0.00033212515686385275 0.00026738921336689065 
-6.798704084829493e-05 0.00027959655289132464 0.00029251532938747154 
-1.7635174243909235e-05 0.00022263526511527094 0.0003179954924083219 
3.631224268967738e-05 0.00016380927582895264 0.0003429909365938305 
9.12223904113835e-05 0.00010584493450444953 0.0003664331059270692 
0.00014465233361237308 5.1540210238704766e-05 0.0003870498209756093 
0.000194420166228982 3.663396329916282e-06 0.00040342306800762034 
0.00023867231704284678 -3.518299517019834e-05 0.0004140858090004427 
0.00027595691698748947 -6.273828434692636e-05 0.00041765647576528153 
0.00030529722034551056 -7.728185754093809e-05 0.00041299663390001646 
0.0003262453040379334 -7.781495873382852e-05 0.00039936480191860133 
0.0003388918466048337 -6.417986147619313e-05 0.0003765345074367674 
0.00034381589875341503 -3.708248793894578e-05 0.0003448519771437125 
0.00034197584498874836 1.98720171455861e-06 0.00030522670839549235 
0.0003345606936737121 5.091178675932281e-05 0.0002590683882119079 
0.00032283089331409275 0.00010713608391019102 0.00020819625287845479 
0.00030797666978628227 0.00016784744114078142 0.00015474641480757673 
0.0002910123048433041 0.00023012194991298176 0.0001010904985317567 
0.0002727129119383937 0.0002910357697793237 4.976199188622813e-05 
0.00025359121941691997 0.00034775958807018733 3.373148748121523e-06 
0.00023390754564473664 0.00039766085893972716 -3.549871749744193e-05 
0.00021370553841743676 0.0004384309294682084 -6.446841262376139e-05 
0.00019286708687990664 0.00046823559044915474 -8.153751703111046e-05 
0.00017118024881894898 0.0004858657106139245 -8.529793247561955e-05 
0.0001484135850343046 0.0004908499387641794 -7.51000813218268e-05 
0.00012438979190842965 0.0004834928253385552 -5.114261252734664e-05 
9.905220150670626e-05 0.00046482059975662426 -1.4460682812643362e-05 
7.251998730844896e-05 0.00043644496733238517 3.317916064799815e-05 
4.51307929875666e-05 0.0004003788780939861 8.944284721474632e-05 
1.7471174124606385e-05 0.00035884648876862774 0.00015160697006222037 
-9.605692993593418e-06 0.0003141208254824634 0.00021671661301533307 
-3.4979091912741854e-05 0.00026840381326994034 0.0002817102207828524 
-5.728508787267572e-05 0.0002237442700982747 0.0003435218367925286 
-7.497697997863812e-05 0.00018197777309392747 0.0003991849096019837 
-8.643025780318947e-05 0.00014467106423244824 0.00044596146422699943 
-9.009130403604791e-05 0.00011306172314511933 0.0004815058234510784 
-8.465471962045045e-05 8.799690323526083e-05 0.0005040486738653058 
-6.9239874170142e-05 6.98867846610362e-05 0.0005125652103485422 
-4.3530789301374976e-05 5.869291614256608e-05 0.0005068819720532199 
-7.850375819808733e-06 5.3965749275876345e-05 0.00048768779993918314 
3.684075570239493e-05 5.49317256003285e-05 0.00045644192225555814 
8.900782643881321e-05 6.061511231534621e-05 0.0004152035082455091 
0.00014663941715765643 6.997067562885664e-05 0.00036642688262206673 
0.00020734993612759497 8.200350453811164e-05 0.00031276683984131457 
0.0002684707708690583 9.585983135277321e-05 0.00025692195612304425 
0.0003271328333707579 0.0001108825712706075 0.00020152063431897772 
0.0003803591444736114 0.00012663311071317796 0.00014903566799967809 
0.00042519167681643813 0.00014288479926333496 0.00010170523452972363 
0.0004588683473420224 0.00015959432905686456 6.14430989520412e-05 
0.00047904525857876614 0.00017685657272851135 2.9735517459706105e-05 
0.00048403331084732654 0.0001948480913679764 7.540278481173992e-06 
0.0004729991406094077 0.00021376489950846605 -4.784108454000501e-06 
0.00044607964481467826 0.00023376053110322472 -7.491075370240309e-06 
0.00040438087593750425 0.0002548899426777522 -1.3865411181331066e-06 
0.0003498672512131319 0.00027706290680100837 1.229481442758642e-05 
0.0002851787647612573 0.00030000805629241175 3.2050834254533666e-05 
0.0002134271431527805 0.0003232471681081574 5.627669422052158e-05 
0.00013801241168899956 0.00034607987492652414 8.340499085039594e-05 
6.247661098380016e-05 0.00036758183528367325 0.00011200661353832979 
-9.615459704091236e-06 0.0003866231467814912 0.00014085215341208207 
-7.479582021687988e-05 0.00040191610621755514 0.0001689428259739005 
-0.0001298415215247196 0.0004120997612232721 0.0001955222726359838 
-0.00017196400728718847 0.00041586151763483924 0.00022007743049822442 
-0.00019902531852685113 0.0004120842675633285 0.0002423308594674942 
-0.00020974037733492595 0.00039999528544414705 0.0002622218003395558 
-0.00020381215700288757 0.00037928689618705306 0.0002798713624549395 
-0.00018195713119740462 0.00035018369013405874 0.00029552941035967896 
-0.00014580944959666177 0.00031344647606310977 0.00030950559861932323 
-9.772934950615214e-05 0.0002703224381996517 0.00032209191006930663 
-4.05662905092722e-05 0.00022246460662629752 0.00033348667456599597 
2.257037787549421e-05 0.0001718454513989764 0.00034372983559856476 
8.849850718289824e-05 0.00012067946995367526 0.0003526573853366202 
0.00015410035064887648 7.135389386300409e-05 0.0003598810536412233 
0.00021642530812722427 2.6352804785888397e-05 0.00036479819631333104 
0.00027278415135206514 -1.1845632650243871e-05 0.00036663556442411956 
0.0003208560420091209 -4.091317436248469e-05 0.0003645275523933273 
0.00035881286897028334 -5.885444521933967e-05 0.0003576234661424665 
0.00038544395312646443 -6.420485588665815e-05 0.00034521019749221966 
0.0004002481847784015 -5.620258543467498e-05 0.00032682979692511466 
0.00040345915757740046 -3.489156536971638e-05 0.0003023701908282045 
0.0003959843708647876 -1.128920146041616e-06 0.0002721140794283384 
0.00037926539144397483 4.35007871506455e-05 0.00023674381106228396 
0.00035508931782462366 9.683482026499722e-05 0.00019731275887541574 
0.00032539210915422416 0.00015630267942457778 0.0001552000814196245 
0.00029208860399519145 0.00021908170154738064 0.00011206292160368934 
0.000256947959964967 0.00028222185886992617 6.979010547317644e-05 
0.0002215157808314421 0.00034274647202230276 3.0449463105044485e-05 
0.0001870723911302516 0.00039775091346582007 -3.7871863333420626e-06 
0.00015461324400415928 0.00044452344339139895 -3.075715513081953e-05 
0.0001248411214629233 0.0004807002299894685 -4.84637236017526e-05 
9.816717134529754e-05 0.0005044447052108737 -5.526439404841295e-05 
7.472476000679819e-05 0.0005146188572958657 -5.0059371617981806e-05 
5.440311173269203e-05 0.0005109022927124374 -3.243879859394193e-05 
3.690531550311513e-05 0.0004938220033402615 -2.753081584531698e-06 
2.1828889026174084e-05 0.00046468057217084497 3.790773765793929e-05 
8.760149608706206e-06 0.00042540164847950106 8.781178969817835e-05 
-2.6304993348860142e-06 0.00037833370664320056 0.0001447261874951323 
-1.2505402841989275e-05 0.0003260567382340454 0.00020606296047738788 
-2.0799077418382444e-05 0.00027122258505704285 0.00026900507611963057 
-2.7187674339558852e-05 0.00021643724933426234 0.0003306088671849905 
-3.109381272785532e-05 0.00016417363319775588 0.00038789854000241536 
-3.173037143451862e-05 0.0001166933458273328 0.0004379775246528716 
-2.8183650013573577e-05 7.595901696215107e-05 0.0004781763518863243 
-1.953016262141988e-05 4.353186080518595e-05 0.0005062386762121489 
-4.972743275933917e-06 2.046710131325109e-05 0.0005205225816022445 
1.6026061935614066e-05 7.23391053859422e-06 0.0005201744205678018 
4.363739985638801e-05 3.688985238557089e-06 0.0005052284595339262 
7.760383602155115e-05 9.121082680521429e-06 0.0004766023793729067 
0.00011722545033842338 2.23626998355426e-05 0.00043598988547810476 
0.00016138419091193113 4.1944967094105186e-05 0.000385682280670179 
0.00020858861422044198 6.626217320192352e-05 0.00032836619246002726 
