0.0001200000000001185
0.00021999999933912352
0.0003200000003294631
0.00011999934725685232
0.0002200010975155158
0.00031999938256442335
0.00012003454740788776
0.00022001323398030046
0.0003199779788514032
0.00012058876998498454
0.00021929828355326573
0.00032026150288261924
0.000106068586723073
0.00020978419215701455
0.0003322480947339292
-0.000213667304073513
0.000498297123530285
0.0002539564323005357
0.00025651290501675666
0.0003895572763629013
0.00015326961618954916
0.000131111718298898
0.00021374573712650092
0.0003209906256967978
0.0001201425099001148
0.00021963747696549497
0.0003210637904075977
0.00012029980649299517
0.00022004136270259986
0.00032072747222180916
0.0001202123005965182
0.0002199480938258947
0.0003208245241594533
0.00011724377002295373
0.0002223602722371152
0.0003202830101250943
0.00015905869470625504
0.00027644255381588644
0.0002674978217647998
0.0008818848394009235
-0.00017669326681895404
0.0003082153202076019
0.00010234943201080596
0.00016990803426277472
0.00036269514745898687
0.0001173517235757019
0.0002214810930971024
0.00032167977735125564
0.00012019164174864658
0.00022067036838232718
0.00032117433837185844
0.00012045128796845025
0.00022036520473366815
0.0003212864170213757
0.00011714554938095481
0.00021551531828225415
0.0003258529314003388
-3.0072238770800677e-05
0.0002921316039570837
0.0003283442703427699
0.00026564307433397027
0.0007205790893782984
-7.527747465004859e-05
0.00015337809984168613
0.00021101660540384323
0.000316186099011235
0.00012036205159020824
0.00021933612635490347
0.00032283504779015616
0.00012033184560839652
0.00022060657595739957
0.00032197553081791724
0.00012057874436068547
0.0002208970987966379
0.0003216844954047803
0.00012952860706103486
0.00021653682923870402
0.00032132435250721466
7.763088722033033e-05
4.831154100926906e-05
0.0004560280335624787
-0.0003790608966417157
0.00035304108612913053
0.00041910197741624376
0.0001210199241089604
0.00024213037665893824
0.00030774158778698233
0.00012199283663069587
0.00022086922885253458
0.00032195453532975725
0.00012079738375323847
0.00022068869731228606
0.00032252726386637604
0.00011356984708805638
0.00022409256995174594
0.00032290461306470463
0.0001521447477850124
0.00036140909800680366
0.0002143022524550158
0.0007107597515994712
7.472381132954456e-05
0.00020234103957779856
0.00012110963380865569
0.00019503408029107665
0.00034074647280515127
0.00011946067848985772
0.0002213756976503008
0.0003233128020393419
0.00012086519378508687
0.0002215008315542304
0.00032270224505393246
0.00012636254116256155
0.00021894786863414843
0.00032239472076901873
9.775608934163398e-05
0.00011352629239496176
0.00040534748736023953
-0.0005780922269093728
0.0003924660734827475
0.00046806047998141335
0.00012071867589518804
0.0002558757922760761
0.0002999250342590146
0.00012300335453790487
0.00022141528628119716
0.0003226899372840574
0.00012110852025897673
0.00022112441531705972
0.00032360102282640664
0.00011007853667077295
0.0002262515644342974
0.0003242244150557681
0.00016831692509105926
0.0004346717478303242
0.00015955593727576587
0.0005392397746874835
0.00011678552977225581
0.00023916995643487305
0.00012125153742473265
0.00020496936975567966
0.0003353185686142621
0.00012031474149694886
0.00022187437352119257
0.00032409079106341185
0.00012152780280459318
0.00022248515001910404
0.0003232196092233487
0.00014152504862533153
0.0002129641195437262
0.000322255442915962
3.1779084469750756e-05
-0.00014423459620364104
0.0006080944822313002
-0.00011694302641839947
0.0002863614165759552
0.0003695206509197891
0.00012176950761154429
0.00023128214278042998
0.00031778006427661505
0.00012225114766088719
0.00022200341811832671
0.00032395984143712686
0.00011921171099735831
0.0002178851272634111
0.00032792535649160345
-8.316665389685197e-06
0.0002820225214104558
0.00033180447626999414
0.0002779637378529994
0.0007712145287393795
-0.00011006919423840023
0.00015878850678791595
0.0002111891431540533
0.0003183174388659723
0.00012164385769438168
0.00022081497006644279
0.00032566316811386844
0.0001203857703790628
0.00022313447694360751
0.000324544988938059
0.00013719910055400724
0.0002472485845077884
0.0003017357814296531
0.000744519028092804
-8.912737675075883e-05
0.0003044657863715066
8.312277032518917e-05
0.00011026528142474049
0.0004164610017609116
0.0001156566675342978
0.00022473060498785544
0.0003258580207044998
0.00012221830951126146
0.0002232937987784802
0.00032438807799088046
0.00013578219772980297
0.00021218417759997834
0.00032691447764414064
-5.600358519773982e-05
-2.8258846947824956e-05
0.0005635851049394787
-0.0001479452386651553
0.0003724920232109639
0.00032414532093540485
0.00012638118897675957
0.00023282379335209903
0.00031690578854414554
0.00012329162169448358
0.00022209791763838323
0.0003254135559579555
0.00010906696720753054
0.0002125527228184791
0.0003373062621686249
-0.00022015255390820242
0.0005057369975955165
0.0002601584448479481
0.00025715606425847097
0.00038400243450973693
0.0001648430828457811
0.00013219913956189963
0.00021682690874901155
0.00032626328921873244
0.00012161056523731048
0.00022229570653289543
0.0003265080397767728
0.00010996373653866078
0.000238300256101436
0.00031992677471359135
0.0004324171777737219
0.0004278976074303282
6.90109690480009e-05
0.00031090536298309176
4.7385409070580437e-05
0.0003756378823268302
0.00011599994648779539
0.00021672763595688514
0.00033299229003334364
0.00012192971995884668
0.00022373326230786105
0.0003259656825606279
0.00013117741548631035
0.00022588537067488615
0.00032103105328031294
0.00025354263962643227
3.658860086348299e-05
0.0004045106355867209
-0.00023719783922374204
3.1806853184066744e-05
0.0005930167558753862
0.0001080281191123462
0.0002395123680033965
0.0003209477490334867
0.000128351426839653
0.00022414869645346648
0.0003238114390269821
0.00016330734365250507
0.00012236367837271283
0.00038028588616535925
-0.0005537925907541028
7.150432420022407e-05
0.0006865614653175581
0.00010257570442457814
0.00025986421421335404
0.0003096530226542961
0.0001328642423112305
0.00022274146394932195
0.00032354014772085853
0.00014132539582927678
6.878952487813573e-05
0.0004257208628412187
-0.0004427865772202437
0.00023707418638791694
0.0005337466335632521
0.00011851665765090403
0.00024909092748277227
0.00031163468218217325
0.0001613324028928279
0.0002091447326185994
0.00032213146243232927
1.6051651071285155e-05
-0.00033368467609170606
0.0007496925508980016
-1.1241371760566175e-05
0.0002584196297766208
0.0003561058049798853
0.00015478130415763974
0.0002527096654418224
0.0002963334939179641
0.00078027404171255
-0.00022248185844899612
0.00035535057285955514
0.00011203259608888645
0.0001388687666439306
0.0003939705323960295
0.0005192901474321916
-0.00031267085382308295
0.0005544048138648989
-0.0011694112553716446
0.0002654340883754176
0.00012122187821768818
-8.047864541367258e-05
0.00037071609458491514
0.00037457560970795045
-0.0002843042858844297
0.0011341899118798525
-0.0003832595620157844
-2.5253115770521815e-05
0.00036292788344712516
0.0003841393378639676
8.780646352819389e-05
0.00043667029026389593
0.00033227158532345255
4.290825353720065e-05
2.2349191634866408e-05
0.0007210211888827553
-7.414315581022633e-05
0.00036694067063559524
0.00037471523423394655
0.0003776546822953456
0.0005853051012164129
0.0002365973696635165
-2.7754064074495783e-05
0.00025016243246208145
0.0004942941667896451
-9.636632194171566e-05
0.0003821378267845529
0.00035774292092700076
0.0009003625011335386
0.0008412572023670092
7.752180000024299e-05
-5.5614033300559175e-05
0.0003374215228866482
0.00040772297149277
-0.00022747646313221018
0.00045907868792725116
0.0002647939009591012
0.00026691352698719333
0.0005199594912353413
0.000286029407746048
-6.724365438968601e-05
0.00034571537799580796
0.0003988991601724935
-0.000709476960788175
0.0007595966409116538
-9.566599734521205e-05
9.984393987116638e-06
0.0003949296724870159
0.00036530207215623093
-0.00010077284574067124
0.0002985213359399145
0.0004393343810487589
-0.0006152757953692219
0.0007325160810952539
-5.247016491758682e-05
-3.835880004665028e-05
0.00037007179888827365
0.00038225508102667665
-0.0002685665268859308
6.278480042197314e-05
0.0006376203113722895
-0.00018356696072088728
0.000456230435501866
0.00027880833686453254
-1.8927514627639924e-05
0.0003637026239444089
0.0003923523560866091
-0.0006411316002408096
-0.00038452890680541063
0.001006244675238135
-8.348928235399122e-05
0.0003874106501731946
0.00036080756655833886
0.00012878515848289295
0.00034580726422915614
0.00043347556961480135
-0.00029935924634360146
9.51452295946258e-05
0.0006061752654673374
-6.509635689009776e-05
0.00038268221797929533
0.0003692264900587686
0.000727722722589811
0.00024058378252317836
0.0006289735745427442
-0.00011564114187761126
0.00031390143226301347
0.0004278881711986295
-5.8608323300081393e-05
0.00042916953710823617
0.0003270416765355127
0.000722169351322604
0.0001927389468843609
0.000676955379142063
-7.961892028644083e-05
0.0003563451944187377
0.0003942328019263423
-1.3312249565276455e-05
0.0006681891974244514
0.00010769417267552381
0.0001134822123494985
0.0003150833265791382
0.00046546307641448867
-9.938100022959651e-05
0.00035974579657178284
0.00038897332058940103
0.00017758196548460438
0.0011961265586338157
-0.0003616680948044215
-2.84534257931088e-05
0.000353728316247796
0.0004071996882004189
-0.0002423057554204593
0.00034708136642063066
0.0003793337280163033
7.752400188775846e-05
0.0006888399261736037
0.00010723596372017236
-5.156152932427324e-05
0.0003556541220707699
0.0004028618284840853
-0.0008568181640766995
0.00034139941107420743
0.0002885526054764219
-2.276200014197074e-05
0.00043222424384953647
0.0003360531883093044
-4.603814208314467e-05
0.00031456806013039745
0.0004438945675992195
-0.0009326800838044231
0.00042039016960007983
0.00020522709550610882
-4.62247019861453e-05
0.00038380875971140795
0.00037947723794752754
-3.814298727240611e-05
9.157440295515863e-05
0.0006579043228274553
-0.00025851097196323233
0.00040361612923590207
0.00032879565838997676
-2.7700893478584754e-05
0.0003823386107707768
0.00038502525782189984
-0.0001559051050364907
-0.00046345678493821713
0.0011693934536732083
-9.821304877236496e-05
0.0003839324017721878
0.0003738096640307816
0.00010483378818990171
0.00040314028496010783
0.0003872218683400007
-0.0001723508425408724
3.110527387593096e-05
0.0006996057754421565
-7.252939310938392e-05
0.0003846507616649918
0.0003784521078710257
0.0007016114742595211
0.00042485658446502427
0.000461939653962108
-9.978212863478078e-05
0.0003077566093314157
0.00044884354630293874
-7.726603515862143e-05
0.00042388562371991863
0.0003416300399741463
0.0008447240010139904
0.0003192225282496481
0.0005892962481572385
-7.768818542689655e-05
0.00036074137344178274
0.00040317698646416224
-6.991999946406548e-05
0.0006369923651501565
0.00014105001002753895
0.0001392587666460166
0.00033220304519661435
0.0004665702073916399
-9.462005145462746e-05
0.00036571986141943966
0.00039711630467774916
0.00013568172607291606
0.0012084388626932806
-0.0003670295097096565
-2.7879788079230504e-05
0.0003598322862125715
0.0004148803663742795
-0.00021929404534743786
0.00036014452974790945
0.0003838092754772137
0.00012230945502355762
0.0007244336249327086
9.446240701436526e-05
-5.542688785711618e-05
0.00036312177269826263
0.00040878289969728564
-0.0007803691409183296
0.000423645445477783
0.0002356684114191911
-6.690251584848429e-06
0.0004388754823226633
0.0003462772787418322
-6.358112456209987e-05
0.00032720427783696106
0.00044298785786561193
-0.0009373350733485374
0.0006008524285382834
4.722998803555318e-05
-4.395531251041981e-05
0.00038746181067808984
0.00039056171514681177
-0.0001491917215428197
0.000130511892554927
0.0006173269002493697
-0.00024021725070279894
0.00046827436625349517
0.0002849039023613616
-3.2101704643665475e-05
0.0003792173082622433
0.0004017592674030939
-0.0006208776950450373
-0.0003878782175066553
0.0010382627969246303
-8.722881728254276e-05
0.00040346834266252404
0.0003717656224231812
7.356876549794721e-05
0.0003524980420241819
0.00044509977662891457
-0.0004286835509743265
8.364730380296543e-05
0.0006245560969169307
-6.235500332280668e-05
0.0003934539346716609
0.0003867337549054253
0.0004998043738970225
0.00012029328602812083
0.0007342734071445176
-0.00015152678067692504
0.000339145283963153
0.00042626482471140256
-3.368498801797989e-05
0.0004229950685892271
0.00036466860710877917
0.0005333357077612837
-0.00015581305875552994
0.0010075690600110702
-8.53690313955342e-05
0.0003792629962668897
0.0003999904501334771
0.00016541014013427376
0.0005609583279358166
0.0002659738181023702
1.3180261146290606e-05
0.00022510973640434633
0.0005646606062342502
-8.634087278335719e-05
0.0003932054655420538
0.0003882058044098846
0.0009542535121601747
0.0008215854048709035
0.0001459568052162496
-6.553466807437882e-05
0.00035101461283515466
0.0004335765880850563
-0.00013590377500079256
0.0004607752642208327
0.00031745239065070717
0.00047713678109484193
0.00047316999250415195
0.00040656608599114934
-7.590601701723169e-05
0.00037373050111812634
0.0004119798767710285
-0.0002067614683208706
0.0008485291596463558
-6.139824895944794e-05
3.599194056384842e-05
0.0003747379618391477
0.00043099031689899984
-0.00011892335485275158
0.0003677166486214954
0.0004125040362790072
8.776109304387529e-05
0.0011478014370835856
-0.00029299153560648656
-4.895195288580979e-05
0.00037607759564582666
0.00041774751675646406
